solver_type L2R_L2LOSS_SVR
nr_class 2
nr_feature 1984
bias -1
w
13.11920793927979 
-61.52904859494247 
3.347657324491928 
27.49216668535017 
3.896655697151279 
9.119605211953944 
6.409812234080992 
4.281996341689032 
-0.04980573148099233 
1.77655374530813 
-1.292700263883415 
-1.772196669324816 
-1.0387048817963 
0.3374280923095753 
4.029439564174494 
3.532085430565511 
0.8343316933238341 
0.8084700192651061 
-0.8084379347517265 
-1.905142849827075 
3.460069372411345 
3.441068890663625 
-2.205221166526674 
-2.421089302636902 
2.144592185055396 
0.692040898763606 
-5.679148293877586 
-2.452626429202485 
-3.094817146501178 
1.734773561695057 
2.144776594285076 
-1.082886711536011 
0.9908098750962898 
4.320531305812374 
5.533603901605825 
-3.757572822212446 
1.369057183356432 
0.9564102482787538 
-0.2610510316472125 
0.2902408071332079 
-0.8041415124768615 
3.137395344720218 
1.300409188141733 
-1.447311895683461 
1.419680761858999 
2.030070768184086 
-1.328928232291619 
5.04861657065672 
1.406097249939222 
-2.966380347238865 
-2.36517568896352 
-2.340945222912497 
-2.558565134075848 
-1.346163624059508 
3.82956672883538 
3.51661597135633 
-0.5306903563237347 
0.9563563203896438 
2.818050984849072 
1.628930130809939 
-2.287278247939366 
1.743112705890493 
-1.737795639506836 
1.320233263434471 
3.612739800012895 
-6.57918375127519 
-1.759033951213242 
-2.722548012204245 
1.192077486577743 
6.335023734208002 
3.971595093061285 
0.991527534059758 
-0.5522678335838569 
-1.927170283059151 
-2.869317413474516 
5.189673500780951 
-2.278984732891845 
0.3808413933264881 
4.757308075836092 
-0.2623406046485324 
2.875777301692069 
0.6161485729427439 
-4.132434926007504 
1.583894425978884 
-2.473932163920718 
1.302555640058789 
2.28029715722785 
-0.132002811203932 
0.6944224755434305 
-0.7030756911663222 
0.5400493937431673 
-1.264436544070128 
1.314645893989645 
-2.492547274928068 
-1.796630441862373 
1.92682560550201 
3.314712754608091 
-3.887278653815276 
-2.193657976741545 
-0.3773833311523072 
1.011067494454153 
4.999828539409505 
2.813544374578886 
-0.389677398273403 
-2.281987727549729 
-7.163289039389085 
-3.727693334926763 
5.33191683358872 
-0.04362021276420108 
1.323413856544312 
0.2019346129545926 
-0.9532728665627564 
3.205949453129493 
-5.263804719788538 
-3.861208526263809 
6.479711878747465 
2.393260695016015 
1.283330517661197 
-0.4073880075370641 
-3.108296821223546 
1.12437956301325 
4.084868667234043 
1.243489295564957 
-1.258194622056514 
2.6240798429636 
0.3536099424408398 
1.829910483581582 
2.675904074168038 
-1.672250437452305 
-1.489035825989181 
1.512040530781049 
-0.1120039364782394 
-1.723181681944197 
-1.314137303931176 
0.7984057002147493 
-1.907398850868539 
-3.003324735574248 
1.071818700639762 
0.1246117192751572 
-2.211187910415772 
-2.518261236078214 
5.598282425455111 
0.5312444041759273 
-0.07106848969591026 
3.952072397716384 
-3.611131336141119 
-2.346639690009755 
1.351365799415129 
1.868974441451088 
0.4390863265180598 
-2.514477700093101 
6.276404129859833 
2.429348398190482 
-1.309715312185511 
3.029525853673811 
2.963721809604545 
-3.223240716681659 
-3.265414452196319 
0.5977539456067243 
-2.19932193270821 
3.032464164742561 
1.620809555269414 
-3.632771889483958 
-4.641509149082273 
2.137378483514206 
6.753276690490474 
2.942650854171233 
-5.844658238231654 
1.642545739287759 
2.230471861296671 
-5.506606976194888 
1.655192818973836 
3.397261073256379 
-0.2066800349986542 
4.350557861512329 
3.782265694077974 
0.2848118633797823 
-3.853684803727443 
-3.937505225445715 
3.461306382792113 
2.502269459683459 
-2.161787075994805 
-2.210362608618927 
1.376056584093028 
1.585269163380181 
-2.788257540622465 
-4.107744676886408 
5.261038723127879 
4.550193873787954 
1.429333987467787 
-0.06956999188458501 
-2.199764604725533 
-4.581109103106201 
-0.3895372790228058 
-1.172373902339809 
0.7894048215350085 
4.413778629775484 
3.902590958193452 
-0.2558142992024205 
-3.915527782096787 
0.4109169486848013 
-0.04900679133939827 
3.175608260060179 
2.950778483425151 
-3.766226874190426 
0.70414859522504 
-3.36126658287089 
-4.135164666235496 
-0.3430094894462822 
-2.494467458384407 
3.330844869885467 
2.099032658726642 
2.834574425826532 
0.1141442907899661 
-0.5428894497041818 
4.433851573168986 
0.5323474199030105 
-3.241483172252277 
-2.243480723366444 
5.605702698881625 
0.4412032955868007 
-4.46864620865599 
0.8094902903429416 
1.188220491803019 
-1.747722842096162 
0.1661933523280403 
1.541190483635749 
-1.980945177381848 
-2.478679391961006 
0.2155522165694373 
6.033138795776134 
0.4456871816501987 
-3.361867871316734 
0.5598548696555938 
1.299252240212228 
1.647182365567682 
3.068330068432732 
2.860951184081827 
1.036324969680652 
-5.403632646447488 
-5.591255130289457 
0.9611614106778705 
-1.441127683931536 
0.5291282428604501 
8.547753834748415 
-0.9761570552314657 
-6.067778514085265 
0.4753937190792774 
4.625849979566673 
-2.367991507071784 
-8.25786324064892 
6.224771428280545 
3.402367035878891 
-1.254061529594324 
4.681391074956868 
1.664895265442415 
0.3376052437993606 
-1.089849104700245 
2.606718094589848 
-4.365711300752133 
0.3950317825357531 
3.746264847160879 
1.716999023403997 
1.31710123895136 
-3.355199081105024 
-3.761505815891556 
-0.7607513178849881 
2.572150941055732 
-2.556599965443614 
3.972604838720103 
1.406711615328373 
-2.175335691635197 
-2.083865383455642 
0.8606484407781316 
3.323100946714105 
4.630146566300643 
1.314534970916583 
-6.159466621562703 
-0.9983332878513448 
-0.4905092388942642 
-1.440868257352322 
-0.6802028932684139 
4.7609132932595 
-4.008703907660149 
-2.357112692358317 
6.996259772644227 
2.553442638945763 
2.104212881718644 
2.045217237528004 
-0.3407407565362028 
-3.005985533599541 
0.9062969846112204 
-1.026853853346408 
-0.6580695156868899 
1.813609794562793 
-1.320665069414292 
5.914454967747281 
2.208653783560731 
-7.655901307610153 
-2.686750608114953 
-0.3503516048102944 
-0.1029507483069181 
4.256437624471743 
-1.32394527346232 
-0.1260167594554582 
0.005176125377688583 
-0.7835526052927567 
-2.869164566792255 
-1.168544950051891 
4.791852874815322 
-0.9287516410053841 
-8.112270752302747 
0.6684323582064005 
6.129010630557343 
3.295961498218231 
-2.253484579839571 
-5.534433718068768 
4.891630865503108 
0.3752794781464178 
-4.466688304503573 
2.817494640002189 
1.290111522195116 
1.061286586792613 
1.109666684298498 
-1.351090358384583 
2.800800658015823 
-2.216424050690685 
-7.085796962685664 
1.5049387334795 
4.128210177799486 
1.329782142221617 
-3.096127117228102 
-2.57148872401214 
-1.358789333171269 
-0.04639029219235177 
2.44766395977824 
7.421635861193289 
1.143770846054752 
-4.042615722591739 
2.408904109315561 
4.031355181913821 
-3.75446562804734 
2.391406713948379 
-0.5506686749072681 
-6.054974484571384 
2.632625482407827 
0.8185551801260894 
-4.560895716236931 
2.606299344699439 
6.408620856507966 
0.698141999112461 
0.8966855622993973 
1.739260938464043 
-5.049176417287458 
-0.5626102801762418 
-3.92682429145414 
-1.380707178978767 
2.592467644807396 
-4.078226349045597 
-0.9202036427834842 
-1.353740818355471 
1.066377192729457 
3.548846530308742 
-0.3118172663646419 
0.5697408333718694 
2.613300274059673 
-2.436346685329144 
0.8056033733468639 
1.426580283855215 
0.8498798316293928 
3.316530256937882 
-1.526621959419227 
1.177640761967748 
-0.07742315180344116 
2.900971159685626 
-1.030029832260864 
-2.950463629129138 
5.654887084736445 
2.691911091706128 
-4.46157362353418 
-4.249981012211729 
2.78296110088914 
-1.112881127506176 
0.2786920969376786 
1.739188442940708 
2.477042324350877 
-0.9554482204741682 
0.9445725814940181 
-3.387871356846004 
3.365530192442024 
2.941384773168505 
-2.442951788039291 
1.175984642282715 
0.7726538626187015 
1.745501791796808 
-2.152596505028407 
-4.369054938191964 
-1.901118698409147 
5.410573290414838 
2.427548903458341 
-2.036331369701742 
1.657882302144247 
0.5581259946737782 
-7.128354572471026 
1.755373210679683 
1.879406699859858 
-0.1757051780722653 
1.232293606554012 
-7.774631362235638 
-1.01370282646408 
3.354560965438685 
0.8084564610197653 
1.954240223698308 
2.00880274190386 
-3.765749103296951 
-3.149717726547442 
2.039020973126371 
5.399381782911829 
1.244606446791461 
2.568505287441661 
-0.6349426927248856 
-6.011869685743888 
-3.386199981375411 
0.9969163320819951 
0.8278103491028597 
6.041292542521836 
4.110488915990312 
-2.177391582634512 
0.8431082146152834 
0.3242504676905365 
2.47357121394086 
-2.609537928567809 
-4.80644964890064 
1.858116962077046 
4.761911485633316 
5.687690651414029 
-1.409958714144993 
-2.552989766784705 
-0.1736354238419893 
-3.142218769124113 
-0.2042512135571178 
0.7288878114331381 
1.123315780792809 
0.6381314312700465 
0.03132633525038189 
-1.848492483592199 
-0.6885943553485413 
1.537580275100768 
3.438937645923956 
-2.479825073260506 
-0.8609081710049011 
-0.7474748328910413 
0.1246462548818061 
-1.954887638080836 
2.716792810550185 
0.06564560229508887 
-4.398080066240805 
4.876006586765052 
2.614411339349289 
-5.326782615079052 
-1.630835439418853 
1.065440237845141 
2.683996052776157 
6.003283740179779 
-1.753525937263499 
1.44207164500688 
2.695194079188433 
0.1455386467780985 
2.289488955085823 
0.01157264281517682 
-4.143612388180445 
-1.978760809133875 
-0.8116074600846358 
-2.934308301035467 
-1.29450569987248 
3.521359597626028 
-1.447214693984527 
1.768576181572252 
0.6922002975990165 
-2.801010694273176 
-1.582250448206066 
0.5652662536138643 
4.78247193269255 
0.509580782534294 
0.07358102580568518 
0.004201273633611412 
-2.666659611596123 
-1.276299973514388 
1.962901500563864 
1.389656867552749 
-0.07441474154654092 
1.327167782871157 
-1.117712319891637 
-1.98162858536345 
2.572970005281332 
-0.4469163936294757 
4.123672655901866 
1.303326576107329 
-0.7981502673353273 
-8.534155244247588 
-2.27963895781833 
2.723000987007149 
1.278480595417174 
4.640716541871989 
-0.2110345461982519 
1.483124713914894 
-0.06604317493239002 
2.070740812128193 
-2.680254272865298 
-2.305026339356362 
4.101893084442458 
4.102653209039863 
0.8759041645635042 
2.562956957195557 
0.7085919889214088 
-2.248737243504157 
-3.321931771532197 
-1.692161170994945 
-0.6177053447446675 
-0.01491568479567158 
-0.2871319273716388 
-0.843848917722683 
1.138772999857296 
-0.1735925315816734 
0.5212963975704421 
1.428766388029662 
-0.3909468292001347 
2.321106539758683 
1.015140441596979 
-0.3190216258352757 
-1.775226258988619 
2.59736291510863 
4.242530771133491 
0.697842260129924 
0.440815986561262 
-1.119732177697458 
-0.268626361707428 
-2.038024950559328 
-4.086337830199025 
0.42498291421728 
-0.06073963889545947 
-2.548904801745763 
-0.921574337963866 
2.466342001886817 
0.03406398804479393 
4.560681873391575 
-1.082132285296139 
-4.996454128666792 
5.53677744362879 
-0.2080108066706562 
-5.864258480505001 
1.322701451499922 
-2.799716641393276 
3.252767632221931 
6.36657942969316 
-0.7553649314585777 
-0.1537646225579456 
-3.87463031394391 
5.491443470504319 
-0.1190660287094363 
-2.607927216275167 
0.2027813159129644 
-5.940920103495177 
-1.541834701575403 
3.763509129763218 
2.874555019227169 
-0.4051083085021351 
3.376134589341566 
0.2707504359125506 
-4.993226400997719 
-0.02997952462346363 
6.556820468974092 
3.23954451465458 
-1.928438546354266 
-2.293663432432185 
3.003385682290382 
2.053999540969736 
-3.451632209441093 
-4.623459172552259 
-2.468493250200312 
7.397498730451482 
2.289773824029233 
-7.105436743436209 
1.38343226859351 
7.481302573516431 
1.817514853666613 
-2.552534332766628 
-2.007936312890365 
-1.46625544956777 
1.707424201061919 
-1.718775007026252 
-2.971245699885754 
1.264540902787939 
3.092012883965563 
0.5248150345351773 
-5.2980932646635 
0.9895331338845123 
6.324823185027615 
1.44909155284623 
1.42312892089668 
-1.783869894142551 
-2.120860989092524 
3.472775822970923 
-4.525882631329696 
-1.27885341730271 
1.193134630724911 
-0.1773254531350247 
-0.5069576409061898 
1.775424307072269 
-0.9076349413096615 
-0.3315723238437343 
4.810571109417124 
-2.283208997992953 
-2.207935370212043 
2.069792159693647 
0.1987700132264922 
5.228238530346937 
2.639632458316711 
3.319519281892435 
-2.280396625974194 
-4.549901357486243 
-3.793624453359508 
1.702141342995837 
1.503358232521639 
-3.18151055836799 
5.306697093384791 
8.675290230920057 
3.010725719940081 
-3.26091740179682 
-0.7423258667232948 
-4.999505670038677 
0.5257063039559184 
-0.631578546040812 
-1.663874110076524 
-2.334616909822777 
1.894948389487664 
4.078645809307391 
-0.1359552784014103 
0.3938611132411761 
1.573028921516177 
-3.40105847309634 
-1.422995288650048 
-2.60631634719296 
3.154501929054072 
2.383280086888082 
-5.054338418586618 
1.723561632252595 
2.136136029307169 
-0.8636077396959585 
-3.936415097911648 
-4.10654498066341 
6.253462215133545 
3.36313324851123 
3.987187830288053 
1.515228495063977 
-3.550713396626248 
0.4465500607829486 
0.4049634902390672 
0.7170168887874989 
0.7308330808031415 
-1.582438128033733 
-3.81594274496847 
-0.05235529682915296 
-4.008658336195005 
1.450614298990599 
7.346531964081658 
1.021112466734077 
-0.311756142652419 
2.058626948954506 
1.020236673427079 
-0.03018901114927436 
2.499582707130372 
-1.149587336684812 
-6.454369580427201 
2.816492802773233 
0.903052458347236 
-8.152106454037575 
2.065750205108314 
4.795280219085955 
0.01723897566601296 
-1.341725542222233 
-1.217487054833801 
1.398104188842799 
-0.0920745505535621 
0.07651906982164351 
0.7882646404071999 
1.510856242437336 
1.740303196900371 
2.881287981736401 
-0.9673876372085284 
-3.283618281777597 
-4.956967830433498 
2.269315316222106 
4.476356520262693 
2.786171702716544 
-3.511237202571405 
-2.822463367516594 
0.793939006736606 
-2.796610473490821 
4.027604360112373 
7.027483527681342 
-3.748977551060014 
-6.271261757782264 
2.215327197369273 
-2.56329833722289 
-2.223031768795068 
1.996938156308455 
3.302488465431255 
3.498923412529653 
2.275557293996668 
1.556997975397362 
0.3195010275897305 
-5.645509621247141 
0.9991807601474993 
3.035456429586669 
-9.693930302651488 
0.3226888957754832 
2.842909463298798 
-2.115534252908561 
-4.991195772697212 
4.030374610007144 
4.487070685331942 
1.786236037198213 
3.422445937260922 
0.4576169703957405 
4.463041027147914 
-1.159879094958032 
-5.818417320117848 
-2.834943742618713 
0.9984461484890687 
-1.915858897750013 
3.117976280100306 
5.157510245096576 
2.015083732887593 
1.050189339879736 
-0.2403344031130784 
-1.635348720124975 
-1.540864804898484 
2.530151007129856 
-0.2534041740941703 
-0.3829103679090945 
-4.230388645088132 
-0.8057135436748433 
5.3896876237861 
1.035357196646188 
-3.183538414286287 
-3.354108730208773 
0.9129325386866471 
4.417228881462175 
-1.653243661739273 
1.229325688544811 
-0.2508463580322094 
-3.717096572652622 
1.044636330394669 
4.997441815929045 
0.6464538753245638 
-2.553997649925118 
-4.642546533966714 
-0.4795674471215717 
1.440334153887253 
-1.332296042270768 
2.274036835784969 
-4.093505546948226 
-2.611468670752645 
3.478003540923428 
-2.157341640473564 
-2.891606271067445 
2.466262853960765 
-2.18326984174536 
0.7929194825335201 
0.3983374483360111 
-1.228463065849831 
7.13273873458661 
4.003596851831223 
-4.854765134198699 
-4.321645152030352 
2.279163651204363 
0.6047682227072226 
1.591761999485446 
2.702446659070888 
4.210455790163781 
-5.743613909189905 
1.511505422652594 
4.58088682974158 
-2.432174198298113 
2.560558185212635 
-5.880053889722851 
-4.682252768561847 
2.686429087130051 
4.597316626116434 
1.045117261437086 
1.265031935705351 
0.5649819371783382 
0.2253750739475699 
-3.656016687936817 
-1.220652315454244 
3.454947393322375 
2.357292059023211 
0.008292606308564631 
-2.426273694374489 
0.4040304534766581 
-2.291909764286403 
2.291613973842977 
1.374190585713081 
-1.65034361974641 
-0.115795697699043 
-0.4954886966000374 
-3.596250051435766 
2.021845120392417 
-0.7891989410278126 
-4.036502282830211 
3.262874228443998 
0.7208694288911587 
-2.316888756047244 
0.7313108115045065 
6.344291245948265 
1.312081016374693 
-7.943296845554353 
-3.059000502073994 
4.506887969462624 
3.626253416182091 
-0.4768131678985599 
3.793712933525291 
2.886606857583299 
2.157132118455924 
-0.1846253203468509 
-4.497206946462428 
1.055286044040408 
-1.568164268979988 
-0.9202244250488913 
7.959600463525814 
0.6215556357454027 
-2.005689052138338 
-6.138445912631889 
-5.097371699502405 
-0.4786395002113572 
-2.636516030128042 
5.831997187646213 
5.015901817701268 
-3.475092908180126 
1.10499249093794 
-0.4140837356109049 
-2.315019051269583 
-0.8160582195441934 
-2.497274597951283 
3.192344231398777 
2.452235970147352 
1.378362920600593 
3.436463592362532 
-1.378501415270797 
-1.285129629186974 
2.132133909828676 
4.106902345199969 
-0.4138002832828407 
-4.835612553067791 
-2.43194895450537 
3.759715465227463 
-2.111115944176378 
-3.186744722918998 
-2.611859745701408 
-1.484740875372789 
11.94834886760419 
3.386446972364368 
2.243928572894337 
-2.483113436354405 
-3.889263835524196 
3.622882272469208 
-1.782895797755229 
-7.146813979118039 
-0.1564905378515343 
7.582923479024874 
3.350939154820011 
0.07321376539973459 
-2.845566231344918 
-3.393785331312371 
1.759960976442861 
-0.6963054049875078 
0.4534879397826327 
4.35207889575166 
-2.639343848595626 
2.146729620005508 
-0.6824716891783962 
-7.997544014834122 
2.996026219039571 
3.970115853592004 
-3.731341325492029 
-3.686023334421072 
-1.321127131540017 
-2.201047061586733 
5.442885218238714 
6.410667217138046 
3.511913343992216 
-2.214381227447894 
-1.175945468504446 
-1.450989744929561 
-0.9548393125925969 
-0.9305482728644641 
1.238026439194259 
2.046270870159894 
2.830744592209422 
1.16476989687453 
-6.285368529585532 
1.51792635931456 
3.44362189841143 
-0.8762588139912454 
6.323733856181529 
-3.599549193024631 
-7.260570738170133 
-3.286859250275734 
0.3917374835562801 
1.650968764888104 
-0.1444231679998776 
3.64436058683033 
3.958835241618474 
-2.614185723052277 
-4.46590474456922 
-0.01074331733582942 
0.6433364293188867 
3.535608477883671 
4.02200605035659 
-3.451910862123849 
-2.741882223554069 
4.270717331642582 
3.953025062464087 
-5.488467213235078 
-2.316182972335985 
3.078145108881682 
1.902990177164249 
-5.414025273313563 
-3.23591629041763 
-0.3691005536614351 
6.026461818610268 
4.638758207027511 
-5.896993554564697 
5.200461719443886 
-0.2771420589509094 
-1.289401418901854 
-4.370868854790676 
3.727838081789006 
4.837267357212086 
-3.311415558155893 
-0.6420935569393185 
-1.322787851829317 
0.6365043049071506 
3.787345376306812 
1.527378560195057 
-1.998627797333614 
-0.4672041898758296 
7.568785240146716 
5.393289854919387 
-3.241236886157987 
3.208077968188352 
-3.269741937546096 
-4.627236547075527 
3.62973111838146 
-1.782250591396364 
-5.101449688841233 
0.9315710604394797 
3.033452213955865 
-1.810276227261038 
3.161397210586365 
0.4075129073912846 
0.03014856392943955 
2.618880335203145 
-0.5719151666926185 
-3.151357573196862 
-4.802396926306057 
-0.9320078491452399 
2.756723240152428 
0.5800735342059445 
0.02790892219666834 
3.184967429205874 
0.406195250610957 
0.7944559580110236 
-0.7353679850128725 
-1.245018970472856 
-0.5557067721801273 
0.753155489420225 
-0.3495512017986835 
-1.785899876809961 
-2.683182138858423 
0.725885625465596 
3.843347373578186 
4.856995469609973 
-0.5430015709836734 
-2.454408647751138 
-6.002189644930571 
1.997968317482717 
6.187116387114478 
0.9177053851360599 
-0.1472031712158847 
-4.534531597523808 
-2.546926112280545 
3.603243394647518 
-2.094636671623927 
0.492473682370084 
4.927896436237234 
-5.683661912325622 
-0.2769364113417235 
2.654685779544904 
-2.324684870733996 
5.97739636203942 
2.729429268092119 
-5.848774118556641 
0.3695959194912823 
2.636846720730623 
1.734923953397504 
-0.4836562438376323 
-3.644497325235291 
-4.084684504832809 
5.046806392527849 
3.892068817165322 
-3.410061932377487 
-2.843762841382877 
3.44714412384025 
-2.071254302713871 
-5.858492071234973 
0.9824552565058641 
0.9799625304717053 
5.091569600462884 
2.183736036576542 
3.248021053322764 
3.815002727107625 
-6.393428802758883 
-3.832792605892359 
5.015509408134961 
-2.482190499797972 
-1.643823322170185 
1.394429073283853 
0.4126625563771494 
-0.3831605703677815 
-0.6362966732618773 
2.404945708551637 
-4.285441765105826 
-0.6148602650352161 
4.262883190182525 
0.3765159588228941 
-1.534729447208419 
-2.918661610399475 
-0.6988953466659251 
7.969177461127599 
-0.9118482036491332 
-0.2997342574090642 
4.185712240582587 
-0.03512926806474115 
-2.593129723309163 
-1.190122230548012 
-2.120223824683429 
0.9083498287788898 
1.043060919414947 
-2.176597429049792 
2.540127185024208 
-0.1528099864705684 
-2.186118802787354 
0.3447212535940873 
-4.212326635899802 
-0.7658216794108829 
0.2231741643478318 
5.406113852989245 
4.441662473409237 
-2.28006107530512 
6.410737991956856 
2.820240576555738 
-4.557610447494228 
-2.283172777441475 
-0.9306769827079118 
-3.840584409155672 
-0.303788369610164 
3.173569084141983 
0.8171151399614416 
-1.481404750412409 
1.770594207847569 
-3.538495657161055 
-1.535620667014184 
2.359908241590926 
0.362192641686426 
-3.629848015364027 
0.9339061255767901 
6.277185552228136 
2.07167003522592 
-2.508664457626991 
4.031572322179383 
0.4454872516524724 
-7.632933419516476 
0.6624653279681485 
3.874257147246796 
1.796605717525442 
2.326145073207061 
2.024811526919594 
2.739151932316327 
-2.06415391394579 
-5.507896294369763 
0.3113113536952873 
-2.10051036420638 
-0.5405609879924536 
1.27034051708241 
-4.270126995775812 
-0.7967659302603318 
-4.107511983207131 
1.570561898291235 
4.309215498437299 
1.537158636583925 
4.737280137466485 
-4.343500626744316 
-7.782875815206224 
-0.9223282760421164 
-0.2298560438261847 
1.15079927603039 
4.107950587540555 
-1.999747316869078 
0.8012551727462849 
0.7084260038896968 
1.353129602899286 
7.102855620268773 
2.088943825741594 
-2.395188317593445 
0.1073917419567803 
-0.03445856732857182 
-1.949659225710662 
0.9046662967776852 
1.050747298527296 
-3.472798449898352 
-0.5255837339275805 
3.056931859384564 
0.1318129838102743 
-5.027278261604996 
-0.2570604313199217 
4.562228059252388 
3.960762537749713 
-4.440888808854478 
-3.792339082990566 
6.769675085524281 
-0.06927000671634384 
-5.345081635708261 
-0.7278678597688224 
1.596688452022776 
2.601415423005332 
0.2381424919733713 
-1.366933611685802 
1.048068295094319 
2.607516336669596 
-3.354362923365311 
1.837933802784584 
3.181275542753752 
-2.941748531037573 
-4.199101170243585 
-2.802199533701973 
2.974510949763234 
2.327369489418346 
5.445850019398836 
-2.206089854926226 
-3.249085403991783 
0.6803086207350129 
1.423859461705481 
0.6005306701165399 
-3.04159328334688 
0.01234050470770171 
-3.900449519863789 
1.789339368822034 
1.378505806763709 
0.9412373394547844 
2.03867233241013 
1.500731555397271 
4.153431819174327 
-2.944121029279219 
-7.221744959937267 
5.018471618112431 
-0.1849608612356634 
-2.030616501053067 
5.690383383477807 
0.9731480568161459 
2.965578209896341 
-1.903579442520062 
-4.392483070955733 
-2.030208459480648 
-0.3040850960363039 
0.2965992813635273 
3.432977890387528 
0.125020277766138 
3.495316086016739 
4.994198360327426 
1.517740932449394 
-1.736940617627169 
-4.009772215314632 
0.1669903583519262 
3.732207285895713 
0.1036956406905933 
-2.131935881450588 
0.1214014173488153 
1.260381514353323 
-0.03277276379812128 
-1.768588899610124 
4.484419411481078 
-0.3493461495057395 
2.454910376742322 
2.960188242535371 
-2.779259251386643 
-5.565130531133328 
-6.266142550009891 
-0.0526772127544593 
6.228768971469217 
10.23022642557696 
-0.1802287139035333 
-1.971049514870328 
-2.078568721368347 
-3.553292480046591 
-3.6320364761643 
4.849242516744461 
4.917883053408958 
-5.121509313071636 
-3.71057640822442 
-3.256429987201851 
-7.008959592958635 
-2.067944462385769 
1.556856891626756 
1.154942514340868 
1.456654107318587 
0.09799487908492772 
1.816358415136223 
5.400424676891604 
-2.925054439071987 
-3.102004411279686 
1.960900983178848 
0.4018414909774236 
-5.236854152270473 
-1.236394263252253 
6.750808438374611 
3.90056827967823 
-1.580398103425498 
0.5371335883114319 
5.069567465944099 
0.4876130083319007 
-0.2275471326867941 
-4.602433038847747 
-0.0781177209747788 
4.104620350365336 
5.097226289296522 
0.4714358333318855 
-5.838554651769639 
0.8176813799428637 
-0.8914045121746126 
0.8352545922972165 
3.205835540681603 
-1.373859641059702 
-4.551712167075422 
-4.428002014950046 
3.795981323581001 
-2.604040491453856 
-1.886026734892654 
-2.650981743288065 
-1.27574332479693 
2.210753217098218 
-1.111451301633959 
1.587369006471834 
-0.748533262064849 
1.720403512869909 
-0.4254173459588184 
-3.334296540196406 
1.611786262894778 
2.473274135155129 
2.861366996072853 
5.23494858702228 
1.309323709534806 
-1.405438430465331 
2.90549524921584 
1.322633809689376 
-6.9304524688803 
-1.408778114153051 
4.758215345973885 
0.326512697767225 
1.673253958562197 
3.291816124511992 
-3.234825909285429 
-6.160177095945834 
0.158853179278951 
4.162068137991121 
2.104268799822794 
0.6700148826659389 
-0.03388778545745605 
-6.892200431313258 
-0.9430294556183596 
-0.02968961289731406 
5.516455313700977 
8.056681498343902 
-5.664248974582952 
-5.112752957118895 
5.042953756549445 
2.439666775359751 
-2.189734971867536 
-2.914946878270803 
0.6379591019769042 
-1.894983184196495 
-3.658902505298121 
3.433698700222448 
4.469869909548679 
1.010874511181877 
1.635426055503366 
2.017005292862515 
1.841252003345244 
0.5716668562996098 
-4.257357385699886 
0.1341733213926311 
2.57716811542912 
-0.9092876766825727 
-3.184346016127515 
-0.5057900955346907 
0.2442530961774231 
-3.419661845670946 
1.858819520148894 
3.043073363674129 
0.1391710098028743 
4.623366371363842 
0.8349552208010076 
-2.038612642262024 
3.882778126385566 
-2.381856164543587 
0.4396444084558189 
1.656809022020937 
-4.169526465396634 
-4.469682996158378 
-1.174315913128862 
2.406809149038798 
6.766434950055535 
0.8435501481014854 
-2.420768845381935 
-4.109947641583 
-7.393797239391079 
-0.2247140446809583 
0.2995650254061768 
-3.668028071077395 
5.728926515739322 
5.549220226738982 
-3.144808483978558 
2.477904778261893 
1.381770784699917 
-1.244882359904658 
-1.676889149077609 
-2.219997164927338 
-1.870182953019531 
0.7921757735783529 
-1.223860723020706 
-2.634746672551618 
-2.906830382481762 
0.800399487007776 
-0.5417387979813659 
4.647847058713824 
3.066289217498007 
-2.170578161150708 
0.203654721263124 
-1.182141708846893 
-2.70662649774107 
-5.501804508316025 
2.312758886362149 
1.471839278729733 
0.3435464110071376 
7.878701547597432 
4.518781126256721 
-0.2421464603902157 
1.40374596197733 
1.62774424396797 
2.551313740640926 
-2.38779834539326 
0.2556219376212067 
-2.094221421145627 
0.3177224733219415 
1.353579236930051 
-5.478718284506488 
3.131174905910413 
7.98489196852377 
2.722133745011732 
-3.901688360131486 
-4.126608998808102 
-3.818832161882956 
1.970733443809265 
-5.032918218205858 
0.07558664575783916 
0.07956406290118394 
-0.1282613557275378 
3.122993527787209 
-3.02945902086875 
5.76568673911703 
3.271082400720882 
2.480533996495842 
0.8188317447444576 
-1.116078430919906 
-2.236489422310115 
-0.2501338880809231 
-3.700694765788255 
-2.804743118730176 
0.9869175078570838 
1.691861046766324 
5.379473187725609 
-2.249618514650456 
-2.036895210404946 
-0.4190289078427775 
3.709225663488476 
2.850860576172991 
-0.325423321508529 
-2.021267202682369 
-0.5096761856806437 
-1.11918917831106 
0.2163695695846613 
-2.588003119997685 
1.648529357022093 
8.563903934754252 
0.02984555862570039 
-3.778361096865603 
-4.161003316670443 
2.744699251952619 
2.11000787287379 
2.149248898681308 
-2.443504891823237 
0.09159726604342204 
0.743565875153869 
-2.578627242822597 
-0.4008990892348638 
0.01359299100806145 
1.903858163893292 
-1.577065715457534 
-2.63000783874374 
-0.6174635833005617 
3.316987323748676 
1.659651430528788 
1.055509831437266 
4.375610414511335 
-3.009278400198039 
-0.8349336873336345 
1.999839781057239 
-1.62250167775396 
-2.85789024034213 
-0.4781910616722487 
1.860004589744609 
-6.373488287365145 
1.512990310368427 
3.956541988178225 
0.6390583289603263 
-1.966860728859393 
-1.328288772235442 
0.09822217590755389 
-2.744391133010614 
-0.7045707590810983 
-3.300173920995497 
1.404589649119653 
5.999719565388617 
-4.408249585149338 
2.95282867060003 
5.006754342856687 
-1.823203639473405 
-0.667854915408951 
0.6272021283847186 
0.4116811348602339 
0.05420562072027184 
-0.6741721358195767 
-2.494341719034542 
2.592940309038609 
2.305623568682202 
2.313058495217069 
4.481226912763827 
0.6103018813635834 
-4.934787450203902 
-5.960265402685078 
1.929160653615647 
4.253772522279737 
-0.1169386761081122 
-0.2801889914894487 
2.394454090155485 
1.169803394042811 
-4.810581073880823 
-6.880872214145628 
1.197581859117907 
1.027651020714032 
3.995368168554151 
3.299286347528684 
-3.002742011706632 
-2.833524285061986 
-1.025032254310194 
-1.608939713582066 
1.77487281739295 
4.512462455469537 
-0.6804640879266346 
-1.960982520168173 
-2.455363659912242 
6.554087190565122 
6.428319879401885 
-3.00505707695145 
4.482489816216362 
0.2434418856063204 
-2.341343066725186 
3.327228973282255 
-0.2696146732301439 
-1.341361209000349 
0.5879804559815665 
-6.597573466960039 
-1.718553413965743 
4.095036540758337 
-1.676618952118103 
6.282909145357915 
0.4301278004788731 
-0.02054926060622694 
0.5531111647494453 
-3.460808919792032 
2.402051349481616 
-1.915904418069065 
-0.7322657177081594 
0.240596679840909 
-3.252615224382013 
1.180353591507991 
-0.517804120183506 
-2.074607972888067 
0.3885068052336746 
-1.696872602978509 
2.265270325049288 
-2.0849608473735 
2.641338308644715 
3.671625775947369 
-5.36715458169239 
1.785795811346654 
8.770420952874472 
2.466202900228332 
-6.704084987090716 
1.925532833471838 
4.42587893868912 
-0.738226779909759 
-1.620726601985676 
-0.436538056517274 
4.374711063828518 
-3.903183823941204 
-0.5846773705570639 
1.662449240097908 
-5.252767465893068 
0.9957825480339061 
4.777321202462894 
-1.397562031124818 
-2.914051584523184 
0.9804128449832903 
1.052939286417393 
1.827485078444804 
-3.333532799396339 
-2.07485643258926 
8.480199513628271 
-0.1610580646613081 
-3.416780837058707 
-0.3471285897384332 
2.758538244603143 
-3.07541289061701 
-2.476780272895462 
3.150190693428388 
-3.433626989086242 
5.999416185154288 
0.1548345398935556 
-3.544878929360601 
-1.186070112787243 
0.5175920108320918 
-1.324740621946596 
2.345162191138916 
1.168022900133087 
-5.162775257920983 
2.747624755341426 
-4.281142463042421 
0.1832869486373449 
2.677534229452445 
-3.375622831318418 
-1.72937527706024 
1.677788772582362 
6.606574285579219 
5.52017227343822 
1.623885718369868 
-3.696381377314742 
-4.562830228556079 
-3.50361973928787 
-0.7875668819522237 
2.388213403201401 
4.225362073531259 
3.577668649685936 
-1.875709995351428 
-3.041784824384271 
1.690687192857099 
-0.4727233657795758 
1.653276337183769 
2.973135626587612 
-1.628464772946119 
0.5218896774810773 
-1.337189474829783 
-2.303308152044524 
0.04693651012673511 
2.239107856911153 
2.477214866269141 
3.91662266042357 
-4.104033106096759 
-2.999876849984612 
6.962790516874637 
0.6403785833120973 
-3.75498101873375 
-6.77843529321394 
-1.803386207095791 
3.649524891563453 
2.883203609625183 
-0.2682513717195748 
0.02008877200292305 
-5.468365028325293 
1.171255422376595 
-1.358866909180641 
-1.413808658143972 
6.877527737969808 
3.585911373247631 
-0.9348452748011388 
-1.055902618505012 
6.273965343693991 
1.537396329066561 
-1.694759765352065 
-6.209306683676093 
-1.892456754058621 
3.935388072986427 
3.134703742029846 
2.136615677036444 
0.7926811445328868 
2.156472389261372 
-2.337561682290891 
-0.2909694332679035 
2.402846607323815 
-0.9989528711437279 
-3.021947242821748 
-1.098573463259276 
4.006680260304255 
3.88799769837718 
-1.461753751678381 
-1.281546924377411 
-4.273692411595314 
1.471533618676376 
3.127752821322626 
-2.535255003261216 
0.4437194935658313 
-1.288360470895066 
1.945043957609025 
4.117863901335187 
-4.445979170162304 
-1.539266701928435 
-0.1691012562735886 
1.15795520769152 
-1.068051307503615 
-2.88340800806305 
-3.640975003074257 
0.470180124242091 
6.99663762913537 
-0.1466315999367475 
-1.80440254762462 
-0.05307551992143884 
-0.4738333996254632 
-2.096614877803266 
7.938008718185316 
1.845135546889945 
-11.58356578485449 
2.720167436659261 
2.63006003353694 
-4.646193187076573 
-2.616543000968557 
-1.411184829396414 
5.652057411412446 
2.935783561238673 
-1.66105736574484 
0.5915812059393762 
1.822407431938906 
-4.609878596349508 
1.258180761430385 
3.135526273184516 
4.765905540581436 
3.582220140184646 
-5.454269377947417 
-0.8171106279725141 
0.2577836004051711 
-4.226157363363043 
4.268332208376427 
7.827502700587275 
-1.920511091973792 
-3.65492134048988 
-3.386406978108557 
-4.449822742344897 
3.533887637786237 
1.840084812964584 
1.101700654020876 
4.060417913405811 
-3.620505716368854 
-2.325772242566775 
3.979717538514952 
0.7634910757391994 
-4.628974480584118 
0.9773437386447551 
2.479405296627076 
2.716927681487828 
2.764766210696521 
-0.2510838009169485 
-5.290464040885817 
-1.464983371362865 
2.986007790166544 
1.363293233912843 
1.059248943742328 
0.2301108804972723 
-0.5341399074545334 
1.785856147539713 
3.184401907656938 
-7.158442701023623 
-5.619392830161106 
4.591014706154039 
-0.3350357987296701 
1.304098767440851 
5.310385522365975 
-1.316008637473899 
-1.794883271619335 
-0.2331372895497937 
4.968087280267755 
6.588317053139252 
-0.7827576484752464 
-0.3720687697030392 
-0.9190615823776153 
4.800442647480479 
-0.681492184737982 
-7.136656511178261 
-3.064822543211385 
-0.889219618055892 
1.591355368187223 
2.362064349713163 
3.309277569157527 
-1.788302873158547 
-1.677153008870729 
-0.63877791821168 
-3.630619833894095 
1.519047543635734 
6.627085635449309 
2.346701099134402 
-1.623702452431782 
-0.41871495363255 
1.497595410557377 
3.62561910358094 
-6.891320664200648 
-2.215559263144215 
4.343515158357033 
-1.386159681777475 
-0.7794903947913878 
-4.209557369692597 
-0.9206242756981713 
-0.9392371784761397 
0.7092962679231055 
3.747573678796927 
-1.66763229086789 
-1.052261454273242 
2.168397706190927 
5.357373568375544 
3.991852780564761 
0.7051547057344133 
-5.11770916234211 
-6.396390213396687 
-4.094128697080033 
-0.212610121242494 
3.920044859965496 
5.368378242899658 
4.393061480922648 
-4.126367286461358 
2.277062131084389 
3.508937469630915 
-0.6425880884624783 
-4.418453670011659 
-1.087689497078807 
-1.357137571191252 
-1.582770861416253 
-1.044077952645733 
-1.636418965350986 
1.960965203696789 
0.781777761564047 
4.302446370373316 
0.7305801525170155 
-3.564291056334139 
0.6756163485375852 
2.712931386388111 
-1.691951505186366 
7.333032853614481 
-2.194456333649477 
-3.978428527629033 
0.872157038125847 
-2.162865819334966 
4.57058364393143 
0.5608203748109641 
-2.710153637487486 
-6.475460160028433 
1.31932192814794 
8.403656622942739 
-3.40872903557611 
-1.573216400580623 
1.983790448003188 
1.715905388914273 
-0.870280972070412 
0.8633525986893802 
-0.5755105411010947 
-1.015495795167945 
-0.08934068220167039 
-0.973061772480379 
-1.208418006782758 
-4.743856613928699 
0.8915535726529068 
9.993179001911058 
2.380099325612214 
1.084963430530419 
4.951434607384772 
-0.8773427734628317 
2.570287886443049 
-0.6978297339944848 
1.392773174502959 
-0.2870638330653451 
-2.442410179154157 
-0.3749684502684696 
1.621961781839343 
-2.026446895620951 
-8.282334360123063 
-0.2193842910370613 
-0.3461530313222066 
3.986080399787686 
5.007402308763412 
-0.4724925170702909 
0.4719673061644243 
1.496695253885241 
-2.678577909302518 
0.6959143444942725 
2.171676118333908 
-3.733100378513732 
0.6848415613825392 
3.804739233411929 
5.098721933014843 
-0.1169514300919906 
-2.823590318306626 
1.390211492826398 
1.602359883742948 
-4.18165776291058 
-6.297885090412936 
2.030258932644063 
0.7672594506217821 
0.8539799674068106 
0.3868353142779801 
1.350622385084834 
0.06489759798485592 
-3.226153339011751 
4.336237918661943 
4.381521521417038 
1.886941353167158 
0.8968966706324966 
-2.55735929053006 
0.7907737834029079 
3.827210812339183 
-3.007344836354294 
1.077601499921472 
-4.651329056343033 
-0.7204538898995027 
2.322796828616069 
-5.346103407356893 
-1.899546462964844 
7.590077174201168 
4.856396793011586 
-3.231451781151307 
0.51661854095918 
-2.048407696205782 
-3.071889739364341 
-4.133176508835202 
2.797349247632435 
1.489627089272387 
-1.000994502858533 
1.699948912329641 
1.194674905864957 
-1.087093603663578 
6.087619069233571 
4.258291238175187 
-2.268286635920185 
-3.533610953961106 
-1.707309288250149 
2.155134899632725 
0.9977386152269964 
-1.51309110651459 
-8.789070268663172 
1.636001565977352 
1.142522080892088 
-0.1480152532545245 
3.431927121537341 
2.759591744577901 
-0.5244228531248784 
2.638051973223685 
-4.800298897876138 
0.1680592261746642 
6.245238821308102 
0.269762738339079 
0.9072688848461707 
-2.066621360717432 
3.388997697520725 
2.853765192848033 
-4.171205122924258 
-0.9514439185039464 
-1.057950971078137 
-2.430267943970533 
2.996386336670535 
0.2599941891773033 
-0.9981551187182159 
2.589062738875587 
-3.93768354320638 
-0.2382053296306608 
6.137970270515552 
-5.270645939575999 
-1.588171080166966 
2.059500184560195 
-2.302962443469822 
2.351089355328241 
2.95682467917697 
-7.955853954751484 
-2.034887509855699 
8.270402705803273 
4.034876796617163 
-1.503965452720564 
-2.078669613786706 
3.759813328390498 
0.3357249958654586 
-5.16272555356894 
0.3874180413560511 
3.195016543857545 
2.635722354886838 
3.581805840556975 
-1.860313361973688 
-5.269602221676161 
0.6580439031580054 
3.441135245638268 
-1.185999172253835 
-0.4558502783069093 
1.037066841209337 
-1.213801273430722 
-2.172385503994195 
-3.550425828475335 
0.01524736805613384 
2.930593513384026 
4.967075988595617 
4.234298161254485 
-0.7351753067129203 
-0.1633299899444842 
-6.919778464200626 
1.955794096482812 
9.895472084959556 
1.109648793525441 
0.4575753663377979 
2.393533034437877 
-1.829017809382589 
-3.023713681964734 
-1.3946700469558 
-0.6038044602357405 
1.30385186480908 
1.681578241951608 
-1.030309968417463 
0.5117432723970937 
-2.308133618512907 
-5.975117175931758 
-2.96258953914278 
-1.584871271244325 
10.44374969850499 
6.32802179070784 
-2.674443106790433 
-0.2330932659274311 
-2.405320122744325 
-2.235549831370404 
0.6196755738312716 
1.045336854954313 
-1.323169323139948 
1.819028370605179 
-1.263693776829328 
4.074868660564857 
4.81226916727051 
1.228141941292596 
0.9692339633384963 
-5.393008828095149 
4.324335879114766 
2.4145755778638 
-0.7266598591121731 
4.283935529450384 
-0.181696458471724 
-0.3153452084538337 
-4.110355095082333 
-0.5589678185416427 
-5.54130994897359 
-2.125354680777765 
10.24802947341169 
7.714726547937797 
-0.4493306137649729 
-2.592095636968806 
