solver_type L2R_L2LOSS_SVR
nr_class 2
nr_feature 1984
bias -1
w
1.456323567574609 
-57.71842352430363 
3.233438901163081 
24.46109855888816 
3.416542449933583 
8.920055284869001 
5.91488224517207 
4.25198634653094 
0.2130918996291799 
1.845573526438231 
-1.136342590064951 
-1.38302443224258 
-0.7696818961932759 
0.3384366988284582 
3.5819804390801 
3.234512198096346 
0.9445654907462822 
0.7811200812640714 
-0.5637394908595971 
-1.566742228129656 
3.005995968039508 
3.001432230851834 
-1.94703953836624 
-2.074662963652587 
1.714745476313286 
0.5463019350772362 
-5.079505095886285 
-2.087483767281622 
-2.818130684043794 
1.362365771405929 
1.923271123780952 
-0.7777514807604703 
1.039181587201017 
3.722337630655018 
5.030465874482186 
-3.17092201703921 
1.491666484535726 
0.8947748905290329 
-0.1359566010200343 
0.3625592219131059 
-0.7515382563742301 
2.821940578944614 
1.131471622589176 
-1.066574143201847 
1.438165755287794 
1.979483048428897 
-1.282812050003284 
4.544061045196409 
1.100172006874927 
-2.627530282106503 
-2.096861288458878 
-2.106092769539965 
-2.087802450146389 
-1.1752737316801 
3.276375928459877 
3.019689293875525 
-0.3504875219269946 
1.066877764588983 
2.505721018600531 
1.532080288522008 
-2.062903111601254 
1.706646646425384 
-1.576858766857309 
1.046199893094025 
3.192492420433299 
-5.927677116978961 
-1.356524951171408 
-2.376133048214624 
1.222181834036201 
5.556354681821318 
3.543726454905976 
1.101447001123547 
-0.466765480132905 
-1.446443133501234 
-2.595758595695463 
4.755136710812101 
-2.022764562597264 
0.3784918175080485 
4.223470960174132 
-0.2966307797401061 
2.607767142447412 
0.7085755008085044 
-3.655690118382718 
1.596110400616299 
-2.208984786674166 
1.242870727224849 
1.957748471110449 
-0.1221076997758479 
0.6220935897940616 
-0.8163458421429668 
0.5862797819432494 
-1.145730546405269 
1.197210902722972 
-2.144867657653645 
-1.43986159232209 
1.465627110513735 
2.863846051228705 
-3.44793329472206 
-1.848761543368887 
-0.3442868730336709 
0.9121776608529381 
4.359484794045108 
2.328846708550538 
-0.3813786533244062 
-1.950531818873849 
-6.201447941143226 
-3.338786433233424 
4.555726692075416 
-0.2954035694729245 
1.169818371849003 
0.2043238936391951 
-0.8762814198543883 
2.931100841785672 
-4.460969469701678 
-3.308633417357397 
5.803859228548688 
2.111578494172805 
1.213209043445573 
-0.266533434739877 
-2.676754929038846 
1.131636740160751 
3.619803831270816 
1.248681440917561 
-1.038471112686079 
2.450248161122163 
0.4251162386044581 
1.59009057095907 
2.368552007414339 
-1.292662444976176 
-1.344032187089581 
1.23299995984899 
-0.06528738870474711 
-1.529303984787303 
-1.258136981522625 
0.55718091746078 
-1.881342142690225 
-2.692100411712975 
0.8690017410875562 
0.01401695180462798 
-1.71428963836524 
-2.377601251527021 
4.884468460063606 
0.4549943563621109 
-0.02751305228699265 
3.541775634503648 
-3.140605176536509 
-1.837165111197626 
1.251413062348552 
1.536692844831494 
0.6918585089861743 
-1.998710281286395 
5.648137342574199 
2.137350032538705 
-1.009079076644942 
2.643877804849072 
2.59379691602676 
-2.684806079006155 
-2.882742696213213 
0.5227042527105216 
-2.051728337266948 
2.597697943519298 
1.383320385917998 
-3.039822965648316 
-4.023888375212256 
1.873678115700512 
5.733618998001935 
2.696944061500849 
-5.079351654635392 
1.52615159341226 
1.947765756530992 
-4.796110855524452 
1.632374022173459 
3.074909252674671 
-0.131816056807235 
4.024469028417311 
3.318667529800321 
0.2244754151745169 
-3.144842737793597 
-3.398680155148539 
2.94691822058939 
1.949262446545426 
-1.854865428357112 
-1.814735739928828 
1.237225254693979 
1.303125609296725 
-2.353595904008892 
-3.524145559665689 
4.824098916925959 
3.868566146141587 
1.190355429934506 
-0.107922582487568 
-1.837706699434083 
-4.024377752452434 
-0.1968776626999242 
-1.070919782803185 
0.6402132467189441 
3.859391944820426 
3.422510323761337 
-0.1178868556139384 
-3.439476336239135 
0.5861165047458388 
-0.194456064324475 
2.73427465109801 
2.64983113480136 
-3.38740816648429 
0.7083621772207316 
-3.172683857310791 
-3.511117270617175 
-0.2897094065142801 
-2.379643576124742 
3.042133207144069 
1.824617411447355 
2.604366710124513 
0.2654142477602792 
-0.3715038099461899 
3.929193055974626 
0.4151232564815243 
-2.645635612725778 
-1.961371802279041 
4.913606299736194 
0.2916551734535279 
-3.892429885538953 
0.7802903486026013 
0.8991737981491036 
-1.509271749708135 
0.1083086299085864 
1.251285494731033 
-1.801407620496517 
-2.06713566138085 
0.2661419589936975 
5.287831407308799 
0.3446675070247299 
-2.725670079727095 
0.5567065374965322 
1.211681809855887 
1.541503569347859 
2.60138656123444 
2.423853329809145 
0.9089542161658032 
-4.683377017838624 
-4.839904720549685 
0.8832317071067323 
-1.170627785138934 
0.4074827018795479 
7.336784096994053 
-0.9106643910436232 
-5.110262886644628 
0.415068675847678 
3.917955249537945 
-2.025345492500774 
-7.272239934440274 
5.581468413656006 
2.997567959552429 
-0.9471792348997203 
4.251273135983205 
1.423844490732172 
0.6581644437102372 
-1.009921980828649 
2.420765246529808 
-3.927968426601406 
0.4635257324994735 
3.349749090288868 
1.352673296231555 
1.183956317185463 
-2.967721933130856 
-3.230551501207712 
-0.7981012629710462 
2.360179576574892 
-2.297651463771646 
3.540591163257885 
1.071190942139001 
-1.662071382648443 
-1.713804929554451 
0.7853732513330937 
2.928903827123032 
3.972187798121639 
1.281437806575092 
-5.328132167910612 
-0.7186524489242437 
-0.6448405131865718 
-1.245671032668755 
-0.6838178962653358 
4.208947299850784 
-3.460323387917067 
-1.861759153060068 
6.355985074347362 
2.180230244025954 
1.906313780612407 
1.820691942950066 
-0.1689347217103202 
-2.607764823509955 
0.8613335794133753 
-0.9131578178973402 
-0.6324791272749331 
1.755757794473347 
-1.233969987536314 
5.149265192685665 
1.92182495058439 
-6.65798803830447 
-2.276445457784597 
-0.2931132476275063 
-0.2843183819671291 
3.694999960562896 
-1.281686898062637 
-0.05017287856672149 
-0.1261075617148063 
-0.6246777744519438 
-2.458319141204795 
-1.146232906596195 
4.101108603960642 
-0.9296379576654167 
-7.087392259292838 
0.6857328824436089 
5.297951070250573 
2.733891135341356 
-1.803469564259486 
-4.739724905950493 
4.26939833634766 
0.2243746748010123 
-3.936624021944577 
2.566750864563398 
1.206721354475262 
1.115895465523271 
1.054585993246372 
-1.425886213978386 
2.320836821550229 
-1.887590754631626 
-6.204632960319045 
1.362936695487271 
3.40561093228766 
1.131322758209083 
-2.717655178252394 
-2.153842646698254 
-1.133975536038469 
0.1076194016892221 
2.044615794708767 
6.544081914681023 
1.099261095627548 
-3.30741135346019 
2.266620057578065 
3.540649018844923 
-3.387282000980691 
2.105595610598274 
-0.4215262301560256 
-5.290109576464927 
2.298215886204416 
0.7183363742048614 
-3.932211843683264 
2.351750889919829 
5.67924122833878 
0.7400953311875988 
0.7913368391653749 
1.566567235560886 
-4.659969371166846 
-0.4367323787114403 
-3.677859411480615 
-1.362152864133084 
2.233169973170117 
-3.760770729415463 
-0.6169216968200228 
-1.271965062148861 
0.9502601916778662 
3.171467905982551 
-0.2480266224685953 
0.4864885188824888 
2.476923259427326 
-2.078805750921228 
0.7809948664234033 
1.164493615817012 
0.7526689972502064 
3.055565532645575 
-1.264063115641705 
1.387203002679051 
-0.1639169917812478 
2.696277115006966 
-0.8615294515225869 
-2.676595761533571 
5.047846324949647 
2.380743176315135 
-3.777759128756172 
-3.734715374311653 
2.437108298728167 
-1.047346771628011 
0.4536876004385119 
1.27436631747777 
2.225844070879377 
-0.8483581149432109 
1.055925335835323 
-2.94065285237942 
3.027205447580503 
2.598444936911118 
-2.097112480451294 
1.2395419746638 
0.6199882445817521 
1.484848139079109 
-1.947652720410549 
-3.677170740944386 
-1.741604700795006 
4.653324983472728 
2.137575104601841 
-1.762741731097424 
1.40606061113246 
0.5498395143870983 
-6.317137757886822 
1.637206523165457 
1.463934321222395 
-0.3738864241118433 
1.155398232333898 
-6.841888081769277 
-0.7946606740811235 
2.85563768856464 
0.711707784633561 
1.636511510285225 
1.769677634948118 
-3.149415679413216 
-2.566638636033424 
1.759966108556118 
4.806712699840451 
0.9393271202706164 
2.347108969734601 
-0.597272362807578 
-5.257898718426733 
-2.946486729234884 
0.9554231759321059 
0.7577192832003201 
5.364929704914764 
3.764837064384218 
-1.822180762782112 
0.8890735476304091 
0.2637220707426621 
2.389104012198216 
-2.339860948548538 
-4.123462156392575 
1.836998037977954 
4.047365111175317 
4.894326539343387 
-1.170002961913797 
-2.21767116001874 
-0.09144899377728878 
-2.790289174860921 
-0.2707661700220318 
0.6113237460579991 
1.01095306347111 
0.4745166483210607 
0.07380073065551034 
-1.628476910343101 
-0.4072932769451998 
1.321980324840474 
2.948748062152532 
-2.237862013960418 
-0.6568466115911947 
-0.8375709315418517 
0.1570435827238956 
-1.720250959275492 
2.370178522697067 
0.08509496384799606 
-3.914073569354595 
4.212813832944594 
2.349926326278749 
-4.427647553240493 
-1.306161219389737 
0.965097810875822 
2.293445235014155 
5.331054975582535 
-1.556442659051058 
1.544821221655275 
2.441265178319469 
0.2075733720216263 
2.157454989312899 
0.0005531830692932242 
-3.75984512927915 
-1.819670498756284 
-0.8636559951800823 
-2.629870475683698 
-1.197504461232582 
2.999607625471185 
-1.522240811291518 
1.733245731424556 
0.5642967675068492 
-2.496072630018013 
-1.215601614177803 
0.4343264580733706 
4.273302157396037 
0.4390020375174948 
0.06925524456499375 
0.1266837844778852 
-2.269708706776666 
-1.076896014034062 
1.718748788931424 
1.096624758793088 
0.05598350251928814 
1.325292540326849 
-0.8964235030821387 
-1.749299092434182 
2.504360361011953 
-0.5558121450792728 
3.61060198708933 
0.8823223512365375 
-0.4719891481954082 
-7.51878237048155 
-2.021727302449434 
2.357609773400599 
0.9711320985718446 
4.39191199107444 
-0.1552745280720483 
1.520506320603614 
-0.1431030430295587 
1.90074967231476 
-2.157027213136394 
-1.803953964636573 
3.563488464562668 
3.618011365753785 
0.7229252519020621 
2.365708003425434 
0.6348094717412751 
-2.109294896663382 
-2.995635327272911 
-1.451307227293237 
-0.650375569865296 
-0.04404603982899219 
-0.1762996929487505 
-0.7713525590222848 
1.082353858711476 
-0.2211423699064472 
0.4826380647217837 
1.350076880703144 
-0.3103566647756181 
2.150900522575471 
0.7685675966267684 
-0.05372159885871607 
-1.35151166332979 
2.368775553495337 
3.770463052619882 
0.6006373173329886 
0.4426268692794618 
-0.9698475530724096 
-0.3035497352268927 
-1.847458775810393 
-3.740582187704606 
0.3010167470394257 
-0.1498231560053134 
-2.26377946958324 
-0.8367871063037327 
2.259746347663198 
-0.02765865828209856 
4.196100773147792 
-0.8780624970371872 
-4.523920549883826 
4.847775278530996 
-0.1939364848872512 
-5.088044933327701 
1.306370951456605 
-2.609227618544115 
2.781732732780622 
5.664242055987869 
-0.6519655952927047 
0.1404489475136711 
-3.58608004495447 
4.877474773633637 
-0.2095282351928602 
-2.20493776634921 
0.276219402995064 
-5.300733881077947 
-1.23755330358804 
3.258295214736567 
2.644269233835166 
-0.4386902733653662 
2.926598828996863 
0.3515058924573674 
-4.147960316438156 
0.08366142231420244 
5.704931043244462 
2.802502948505327 
-1.576821229234616 
-2.013533902851916 
2.692551439233806 
1.748553494440318 
-3.081170538074087 
-3.835271787152205 
-2.290387717934387 
6.41622340410169 
2.022706285260109 
-6.015949482530785 
1.407870603964398 
6.487477284329946 
1.524481095132352 
-2.270418811128699 
-1.573967970071401 
-1.382363602848268 
1.443148144337417 
-1.503397167708411 
-2.616476561614622 
1.141835980504139 
2.549025926028313 
0.6206282169437967 
-4.463774952764049 
0.8915629056740655 
5.567806010602697 
1.22719708525151 
1.376608567339716 
-1.317751151930566 
-1.962649216089757 
2.988824222886656 
-4.061357179680928 
-1.066029772776844 
0.8714862242264987 
-0.1094244984921987 
-0.5564867357760399 
1.634121943315502 
-0.6786879141139606 
-0.3551621542260427 
4.332255467153488 
-1.922154842028951 
-1.764384994823242 
2.031559934068646 
0.1376442883998527 
4.65802278272753 
2.257341230370076 
3.051037028541394 
-2.079684941806665 
-3.804691687067087 
-3.316774012073504 
1.376076286738165 
1.430670883374669 
-2.663432836291974 
4.853479363549517 
7.634261437724138 
2.800034575995539 
-2.873463915306221 
-0.4105159913980679 
-4.631603895947204 
0.4934072146126519 
-0.6902935558439729 
-1.383708316591046 
-2.059243729251171 
1.74372161174962 
3.549454758552582 
-0.08828185724153095 
0.3429152971666659 
1.475497141901775 
-3.102534898790241 
-1.254048165251833 
-2.426145008405673 
2.652779209791659 
2.202299081587735 
-4.519245775605343 
1.593213097593038 
1.788990926820152 
-0.7734972916715462 
-3.231946728496486 
-3.6521563327484 
5.651103595533518 
2.921430777790583 
3.516745419424761 
1.459868076651279 
-2.986045767313373 
0.5409611378355517 
0.2836368618355072 
0.5846081261787358 
0.5119382999756117 
-1.259381785844998 
-3.354543253130733 
0.02510388524660333 
-3.552049376348433 
1.296753422402784 
6.455599570672557 
0.912770991260541 
-0.2184454490728871 
1.899108177635416 
1.01329360547577 
0.02092057383473704 
2.12589136849512 
-0.9693179115641811 
-5.710214016150155 
2.382929271167267 
0.7752715696420491 
-7.221173516771512 
1.850645068696278 
4.104899731947144 
0.069491225461359 
-1.074965401954661 
-1.067888239079843 
1.229868817732623 
-0.06663151983989922 
0.1886670533198173 
0.7695730705189119 
1.435619659729724 
1.373631681393833 
2.561739830726379 
-0.9304637715580182 
-2.750983597754819 
-4.252631696334558 
2.03163004350617 
3.714996525453147 
2.492852553729165 
-3.039911755558413 
-2.501536327866403 
0.8046293394903951 
-2.497305933826726 
3.469946622424009 
5.966125420760537 
-3.350617660109561 
-5.297707641000696 
2.008610915446807 
-2.402774878072762 
-1.837259389853981 
1.730937154711417 
3.007262339925318 
3.222379319695278 
2.126734746860649 
1.449704599661122 
0.3089557233449318 
-4.959972913946969 
0.7380337185228361 
2.635685931682104 
-8.66460787593576 
0.3063326696963262 
2.220183292004902 
-1.720021906787897 
-4.363332456718388 
3.630851320524967 
3.961020506387876 
1.638716963822769 
3.321912645281485 
0.4219479421749774 
4.068027373804197 
-1.109280873043438 
-4.948457086968008 
-2.433136845526389 
0.8945913383995775 
-1.668162529948225 
2.761376512440487 
4.463089078484002 
1.767932302488715 
1.033576729125557 
-0.1076284346706308 
-1.31021288794489 
-1.419041581954201 
2.248424748667583 
-0.4000228680735831 
-0.2034375508761042 
-3.646143892087602 
-0.7869631079518511 
4.60368798685468 
0.7749635791046084 
-2.68234483495848 
-2.781904089004357 
0.7189084687993389 
3.888289774282756 
-1.595398306651483 
1.179494744937974 
-0.1304372010990047 
-3.222254190222335 
0.9221472464132311 
4.329205550445761 
0.3524963618306814 
-2.15542970038829 
-4.071162973182139 
-0.5608707487598994 
1.228802839656782 
-1.357669090852643 
2.045352093163017 
-3.620920635315788 
-2.344956107238095 
2.892039826231312 
-1.971581666430327 
-2.595272065700478 
2.16036773459293 
-2.029093490766344 
0.8057155988110801 
0.5538056186898896 
-1.04689187388578 
6.260414953117805 
3.49271336717148 
-4.012424448741155 
-3.657314963927828 
2.159459163839906 
0.5302367760606843 
1.546513290264853 
2.201079996399649 
3.925442407618116 
-4.982912011076253 
1.360355742919031 
3.983373275634189 
-2.340340306908772 
2.351079906240063 
-5.193489332095552 
-3.959628717839822 
2.290067909982971 
4.05295333235005 
0.9568114676308233 
1.242187658691379 
0.5083631742334347 
0.2414088016754032 
-3.084579472634117 
-1.01063928360841 
2.937946049380869 
1.952067073526101 
0.1416330784469175 
-1.993208042248977 
0.4697049976497507 
-2.190122531580732 
2.010209299196784 
1.08409219435363 
-1.455047750109647 
-0.1697140601492041 
-0.4620318356863224 
-3.27233042123235 
1.670157041017392 
-0.7808217132716581 
-3.484811205429248 
3.010136082253091 
0.6010030517236113 
-1.956640589903746 
0.6084427870306434 
5.477258057934698 
1.188334838610674 
-6.872229158471435 
-2.519789038271744 
3.958059508660021 
3.254540305768681 
-0.3111709560927742 
3.481210784600776 
2.53620448807222 
1.957751794066855 
-0.09923725241897247 
-3.979839028784242 
1.030711893024593 
-1.239753157830157 
-0.924068161682137 
7.031177495289985 
0.2665082979897033 
-1.715135355671297 
-5.345993059899965 
-4.585752644991555 
-0.3955583941158779 
-2.463930301084271 
5.048522513437749 
4.389333535887829 
-3.041524021087242 
1.077275087237667 
-0.4506756281623837 
-2.074829300017468 
-0.6116400624336813 
-2.149736695618502 
2.90869259017238 
2.102336598164757 
1.227588679461495 
3.112903177603404 
-1.063563238006428 
-0.9641335695033216 
1.840342583884845 
3.664280351081745 
-0.3727878165975096 
-4.255513410369685 
-2.277467999988018 
3.270031971886846 
-1.900560086223102 
-2.773248735464164 
-1.961433312051463 
-1.390663649559366 
10.64502098446513 
2.824016263702453 
2.198759439880489 
-2.118395344067049 
-3.434503250870656 
3.267490617663209 
-1.596097081374044 
-6.074018889383903 
-0.1564127048274285 
6.510718239731787 
2.87653951629438 
0.1456878178189176 
-2.3748150005084 
-2.940207497633712 
1.589483601787063 
-0.5906551663136967 
0.2996542559372363 
3.854372691664916 
-2.4322049210978 
1.832881162176551 
-0.4431826437914523 
-6.991136979452997 
2.436383499708082 
3.158940955297953 
-3.372500775211812 
-3.221061160346515 
-0.8023114466433015 
-1.830394804206781 
4.814869473856277 
5.483543194639053 
3.231812429867932 
-1.887925894222081 
-1.007412386010884 
-1.184077657654858 
-0.684204542043807 
-0.7430579485219656 
1.149476591994475 
1.617827393627802 
2.36775423433773 
1.141924832880959 
-5.518481262010845 
1.458593089601895 
3.084295839796465 
-0.9716044724457306 
5.60998981805959 
-3.248062656181394 
-6.258370780202982 
-2.973702100665997 
0.2273819527367788 
1.435721286430853 
-0.1470817669650861 
3.130120863323811 
3.449028634611902 
-2.122619680552841 
-3.845948579275388 
0.04303597723315822 
0.5362753931231092 
3.087836091634806 
3.592796612269591 
-2.92205996394081 
-2.230031955617329 
3.641867856611583 
3.342651711008037 
-4.877003603476559 
-1.989618991186497 
2.471840105717138 
1.712258028676103 
-4.680983626618034 
-2.603501900573142 
-0.3067074131821488 
5.201484742905141 
4.285744804698015 
-5.409030848033943 
4.83250034897757 
-0.3634274839766033 
-0.8706507691033474 
-3.812128172737503 
3.341098170864417 
4.109928387401294 
-2.998361676273383 
-0.2791414915745607 
-1.133603666048873 
0.5474351296915789 
3.34486198151145 
1.476524692303321 
-1.505079112471171 
-0.1993324235030224 
6.690806461381912 
4.897781183115307 
-2.921250900580059 
2.979650457349427 
-2.908595076029274 
-4.071455411052473 
3.2023060257425 
-1.659521880823343 
-4.365562952932048 
0.6461533533092771 
2.635594191116239 
-1.66407267096195 
2.838010759779142 
0.3890264194995416 
0.008852177822658774 
2.32640494961718 
-0.6083963065352316 
-2.707619057104051 
-4.077335609834943 
-0.8013698215578196 
2.327394115855697 
0.4687414681195969 
0.01202764077344813 
2.854202041090977 
0.266422553719959 
0.8397712468820711 
-0.6225221874829975 
-1.110265427851511 
-0.4603266917984959 
0.6536569508669575 
-0.4223672822691018 
-1.552173548386452 
-2.228973845902915 
0.6475121153188637 
3.205008058778446 
4.303634934524919 
-0.4566225366136742 
-1.930497731474392 
-5.260307952964365 
1.786645149936245 
5.218768736639142 
0.6324598166392437 
0.003796733771085033 
-3.801879720357662 
-2.254285890645674 
3.109862674793435 
-1.875859506871719 
0.3959285035766911 
4.478222975688205 
-5.005749210134082 
-0.08825909057253957 
2.432020180475321 
-2.202717923076048 
5.291647562869676 
2.472556107536995 
-5.081345207217817 
0.469195186023766 
2.059181143671091 
1.461369063868733 
-0.4002379872905963 
-3.012402128738267 
-3.560276624458153 
4.339287029320319 
3.291091385769414 
-2.916635529945449 
-2.450341158665073 
2.946004930255204 
-1.811937599346636 
-5.121536925210896 
0.9540052225862992 
0.7851632908095214 
4.57002883475294 
1.910684921213298 
2.930107044929485 
3.471787268124357 
-5.476458872247962 
-3.349055072606672 
4.425366665125781 
-2.294212413901662 
-1.326489962822591 
1.054332946163682 
0.2969909117244122 
-0.2049796721621428 
-0.7383368430102226 
2.116299989170001 
-3.745236924263031 
-0.4508179081706455 
3.625854486041665 
0.3988280698758521 
-1.211056769107065 
-2.360515443152262 
-0.6334571056773477 
7.013466033372242 
-0.7351742736717716 
-0.1350628178054142 
3.585354972437517 
0.06238585991223549 
-2.268993877065844 
-1.013558774133086 
-1.868469973668275 
0.6819329713362786 
0.9871714578359756 
-1.857686514325861 
2.15137061673919 
-0.1645818463842941 
-2.115648511790515 
0.2874775111199024 
-3.820748607259257 
-0.4733693107629917 
0.2562801350283358 
4.803963052464436 
4.20698414835298 
-1.94598674851112 
5.767624752015613 
2.377584352137142 
-4.033045629609263 
-2.0145258221043 
-0.7921393989834861 
-3.380765768537485 
-0.3649529240598178 
2.669842069247715 
0.794024635742797 
-1.504062368349562 
1.544251212305948 
-3.037327679577932 
-1.28614516795789 
1.924489121786229 
0.3559173064102388 
-3.145390146465337 
0.9462157354654905 
5.623084615818112 
1.893872909417523 
-2.174256409804426 
3.618330388846569 
0.4533816019856406 
-6.598634329718429 
0.7039684086458368 
3.381483216904807 
1.620239194509703 
2.200291787540083 
1.686082827155002 
2.374382146760481 
-1.722315292980721 
-4.924240337582546 
0.3227383084956351 
-2.093725924893197 
-0.7553387880391873 
1.122824348951933 
-3.900602435143865 
-0.5167220969013012 
-3.701137846627075 
1.408108354705076 
3.762392129138482 
1.089871370235805 
4.100734552201974 
-3.78453653520076 
-6.81060927831478 
-0.821684385795639 
-0.2628589109595907 
0.8389141713478048 
3.771187592640623 
-1.765560982548542 
0.971031847380275 
0.8635223820641855 
1.172563239758554 
6.310892223398573 
1.887178481793772 
-1.97888050475899 
0.216729371022239 
0.04928929074434615 
-1.635082246170761 
0.6193039030511495 
0.8462663414718872 
-3.026255231717746 
-0.4248280883849949 
2.597007193128 
0.1545980809464568 
-4.397977613565963 
-0.1375021682571504 
3.812118195756048 
3.508969697369346 
-3.596353936650616 
-3.348891236083036 
5.854261152486765 
-0.3408195703587378 
-4.551559542563223 
-0.4436831120687498 
1.299853540511356 
2.241639914927029 
0.184409900871245 
-1.054508905089906 
0.7803561332244814 
2.340407976505447 
-2.921719630190166 
1.624184059774337 
2.66686416468198 
-2.678502442873687 
-3.409107272359467 
-2.407369676883488 
2.642297288578344 
1.836263572957362 
4.885432006366868 
-1.950588663745368 
-2.759730622977108 
0.6098917297450193 
1.077558920988103 
0.5629878422795422 
-2.637504475551261 
0.2135269875358502 
-3.529855812259035 
1.597034903626332 
1.130811925353942 
1.042819146129945 
1.861069446427522 
1.153013707447982 
3.544523349984861 
-2.391184902892499 
-6.286876316544151 
4.397789611462878 
-0.07917505971379875 
-1.748697827395599 
5.101939964096593 
0.6873301565250548 
2.739911677707584 
-1.594821146217755 
-3.774052488133936 
-1.799279517844982 
-0.2224731617099735 
0.179211868312466 
3.08180321183172 
0.2541446455656544 
3.243232555083898 
4.359768837992665 
1.425680663726435 
-1.375571667970759 
-3.335800401044279 
0.1612703359459253 
3.164849297950082 
0.1539997240204727 
-1.827600925527275 
0.1490571066970526 
1.123955163110769 
0.1691849238659828 
-1.593460867823161 
4.027905131602167 
-0.4166401741431634 
2.115806735622071 
2.442181143755394 
-2.428417760363174 
-4.67782705481262 
-5.458330468929916 
0.20165087957799 
5.235311626252327 
8.857628739628545 
-0.1900429880015563 
-1.569024021513224 
-1.814302775707488 
-3.07629772481988 
-3.197523946539828 
4.103315148029849 
4.085426448140531 
-4.649982548888227 
-3.370675973587327 
-3.010161283841178 
-6.277195153758212 
-1.946565371829081 
1.149908356555199 
1.039031985532399 
1.2946743016385 
0.03257419843928124 
1.577516571703104 
4.785395353700606 
-2.505986162538282 
-2.485215709125148 
1.622687439866792 
0.276598301221393 
-4.431805804687657 
-1.038998539587659 
5.963529916764183 
3.499426206102858 
-1.168886175316439 
0.5755221632414824 
4.578639792656393 
0.381833316979416 
-0.04516170143268207 
-3.956386284868634 
0.1836894717476145 
3.63779092443307 
4.417134398883868 
0.5650598109617836 
-5.075191018763368 
0.8520863697152449 
-0.9042038591645607 
0.6198963232077961 
2.674257788859902 
-1.292053564876245 
-4.012563128264451 
-4.217291520503121 
3.161616454939419 
-2.651719970611195 
-1.63781846693762 
-2.291211102746298 
-1.119067703083305 
1.815490164327325 
-1.168628913134328 
1.621783351478203 
-0.668964665058464 
1.536634891691883 
-0.2859900874638812 
-2.847866000837319 
1.59754153010169 
2.332743178623863 
2.689896424449087 
4.646513469855186 
1.184636791723434 
-1.014728518124029 
2.569883276150855 
1.178606538660609 
-5.989526347289086 
-1.275909796933395 
4.147141745464398 
0.2267820408063478 
1.464373330586143 
2.896645853130839 
-2.686247214105594 
-5.343877184255402 
0.1104059253023464 
3.571854810415468 
1.835275755544918 
0.4545870671165096 
0.09566875496341809 
-6.0623793538038 
-0.681161594109156 
0.05148765002117974 
4.777830384002666 
7.086709594889096 
-4.821684240162543 
-4.295092038628231 
4.397698296331456 
1.893593581800482 
-1.86693518533036 
-2.598564889664407 
0.4923155219548652 
-1.592487646747646 
-3.165191819746731 
3.076301187582179 
3.856068738740102 
0.9591352461265372 
1.652011439329436 
1.914451883136786 
1.616884689697771 
0.6784400505328867 
-3.72434926625339 
0.06177782953219878 
2.153701360388641 
-0.8850763881963544 
-2.684755315434905 
-0.4553667985069063 
0.2486132269247068 
-3.13397551906044 
1.671911547725413 
2.76563830783111 
0.1383853623046009 
4.128661726834243 
0.7593713679690108 
-1.701857020062403 
3.584651256974662 
-2.059784167150375 
0.438240511895706 
1.280777169369728 
-3.659075779593617 
-3.892060685553083 
-0.9863586747621239 
2.000420043520838 
5.859444045428202 
0.6006175498052521 
-2.097365940130302 
-3.551372321609477 
-6.691840279007303 
-0.3970001370326587 
0.3030294239260505 
-3.238017339295445 
4.970144556890315 
4.858644231897282 
-2.854304067918886 
2.39943863974265 
1.175750808741102 
-1.110452056874975 
-1.508869603342536 
-2.089940423394669 
-1.716165132812044 
0.5930114141466959 
-1.359741702068504 
-2.174804521364732 
-2.673095122034898 
0.7136834379049306 
-0.5657043644034523 
4.112113506435766 
2.674588367074319 
-1.934464442290577 
0.1395397840617421 
-1.143095916158027 
-2.253250807732838 
-4.909648317441658 
2.287322732454088 
1.396196580910043 
0.379448777634828 
7.048193807130056 
4.041790128265943 
0.1382873278661888 
1.453657160613693 
1.439866457400052 
2.490529169702725 
-2.210511492749494 
0.341025520905732 
-1.831305873500489 
0.2158602869238427 
1.282995316192707 
-4.760185731106567 
2.867515627092921 
6.883311683305538 
2.372820483209465 
-3.44189451506884 
-3.553675607098737 
-3.589049669170661 
1.879247663538661 
-4.650028459691237 
0.10035396662652 
0.1273128315356335 
-0.1695565778322952 
2.908036071168618 
-2.685397139616506 
5.402444332552527 
2.836331375295935 
2.311444463529539 
0.6886038962171817 
-0.9866350916121674 
-1.912690129754688 
-0.2062424955862602 
-3.386945194383123 
-2.482877055985187 
0.8491449394693278 
1.384965475225255 
4.810512089423729 
-2.041787721546137 
-1.492081025980028 
-0.3608443866869385 
3.295194128605233 
2.45737519413548 
-0.2082222631931799 
-1.672630305790918 
-0.4481769029667749 
-1.046492105014483 
0.2492882540167955 
-2.208764784925609 
1.450423712532427 
7.549192752922041 
-0.04050945143864731 
-3.051520547879871 
-3.581947215998187 
2.510725360492646 
1.6093213283556 
1.915572084098177 
-2.169284245129274 
0.08619731396289942 
0.6976847613352863 
-2.406199389466848 
-0.3536979877419799 
-0.06025884853961499 
1.754942580196078 
-1.347737561338146 
-2.219699696380772 
-0.5604922152322177 
2.948639782513265 
1.591970515736648 
0.9273844536326521 
4.017053975808359 
-2.624268689944674 
-0.7502114258774732 
1.591420291741221 
-1.62602042410373 
-2.448923298891327 
-0.6371111984517013 
1.708984973813625 
-5.70554408713907 
1.418647811009071 
3.326939934779394 
0.5135593205628589 
-1.731543051622002 
-1.225423873988978 
0.04360112755523435 
-2.577599593220449 
-0.6011179760569401 
-2.895241769836744 
1.214284976651489 
5.416230666134919 
-3.81274094803514 
2.79602238483926 
4.29496764572913 
-1.552680083282561 
-0.3326080446873487 
0.5983277641969007 
0.332326800489716 
0.04261548104264679 
-0.4384584503888166 
-2.199425639678291 
2.382536833050173 
2.01692310766353 
2.066125822729371 
4.009899902584012 
0.4673806019502231 
-4.216522805542371 
-5.109358710164641 
1.638045234085544 
3.630733473807397 
-0.04360580174561721 
-0.1568834433994119 
1.953958604813559 
0.7309304103693833 
-4.190325795344501 
-6.019765835671589 
1.177999226440514 
0.8071818257739398 
3.48581123701147 
2.81578227392964 
-2.857423253973431 
-2.392930678186302 
-0.853239867624726 
-1.378669846034368 
1.524528008124215 
3.848762419016108 
-0.5836682946453522 
-1.334926769135738 
-1.821074962177542 
5.858942895654098 
5.822545114032562 
-2.55878525808225 
4.041179894548275 
0.3095072674190749 
-1.875565339197327 
2.87423197560186 
-0.2811707984294565 
-1.245883804722093 
0.5427480140697705 
-5.798498807952278 
-1.377831376153751 
3.724414872043942 
-1.682249265185461 
5.670421599281453 
0.253209606591937 
0.1797997860417342 
0.6146005349053609 
-3.211379152976935 
2.147450472065323 
-1.898796233461504 
-0.6694024084774594 
0.2392146970113284 
-3.017798738819849 
0.9899044487626218 
-0.600940489466201 
-1.923016052457402 
0.421786008398962 
-1.587176940715618 
2.183251478300694 
-1.826735921229435 
2.35130047450216 
3.4092556443119 
-4.573315223671655 
1.688726587801845 
7.554372345882467 
2.349936738774177 
-5.738920439318294 
1.76853070532668 
3.940093569368663 
-0.481391132278393 
-1.179461108899601 
-0.4969214633156092 
3.921107901141671 
-3.551489320155744 
-0.5677075563233444 
1.422131778672479 
-4.652200992382471 
0.9019363885910128 
4.064180238894905 
-1.170989746943686 
-2.351062470124681 
0.8051508874172607 
0.7806673530298593 
1.751955465038876 
-2.666354841920211 
-1.966987126714767 
7.349635337611446 
-0.1125131339665238 
-2.836979857745245 
-0.3404701427245299 
2.511538088182732 
-2.750764806064773 
-2.366681883323445 
2.895965856964293 
-3.131764251033385 
5.379862960695149 
0.0392745905952674 
-3.020666119173792 
-1.140958970863601 
0.4989907301623401 
-1.230898049958365 
1.919889240562459 
0.9941209696975842 
-4.690217031229362 
2.630038540222366 
-4.051835677860101 
0.1672320197514099 
2.360524260744758 
-2.942445286198984 
-1.27569796087206 
1.52683533908442 
5.831248360842038 
4.768117420037161 
1.497572267258986 
-3.192597308561395 
-3.903954828657604 
-3.077908776411389 
-0.7388957034643308 
2.059653245481794 
3.61154490500785 
3.289613767087032 
-1.345942622060208 
-2.627688005666146 
1.542105171271016 
-0.5210213285197987 
1.373842927899041 
2.605895726313421 
-1.417665461438243 
0.5837381912283268 
-1.18087047126123 
-1.896953142622577 
0.01842950696286073 
1.930198075958482 
2.16046412435134 
3.475035439543193 
-3.411013121402408 
-2.484438323621801 
5.954776975434641 
0.3349058309355328 
-3.128401667639354 
-5.959617634027658 
-1.650133113068717 
2.994522241767193 
2.371464210803989 
-0.456092872314405 
0.1776081562342305 
-4.897489837445596 
1.155582855364085 
-1.188912321150942 
-1.133772953250162 
6.132043105534542 
3.155018888142017 
-0.5526736806728283 
-0.7810988874093916 
5.731325096966239 
1.199757209811632 
-1.359679723100934 
-5.385070399989433 
-1.464820024721595 
3.408390288273352 
2.598698429815087 
2.018622553688764 
0.7481728222159973 
2.081155800494086 
-2.057615490364181 
-0.2301787978249636 
2.023040377761327 
-0.9458027008202314 
-2.472449412601737 
-0.9105499432593556 
3.508649834165988 
3.282467378502129 
-1.367585871043511 
-0.8941216975298859 
-3.861488879537672 
1.279956606361286 
2.716952157092034 
-2.234388091506168 
0.5651008010609868 
-1.141318145359332 
1.643728954771446 
3.641714978655578 
-3.904632980997955 
-1.176152780137517 
-0.2382863201836194 
0.8439099228698087 
-1.154643526606952 
-2.384850371874245 
-3.039782390563299 
0.1836782652213886 
6.109971748284969 
-0.1938003338223912 
-1.504059884464671 
-0.05398670151921309 
-0.2918875435637446 
-1.861996844442325 
6.679865845339602 
1.713894777531948 
-10.00923290929967 
2.375002984089945 
2.030096883427677 
-4.149561746245435 
-2.02318126193263 
-1.284067335647926 
4.888499822815146 
2.451825076889428 
-1.317668734359307 
0.509842953221753 
1.702164924773066 
-3.94330719596543 
1.395205168607855 
2.731390848315914 
4.064649990923773 
3.301001059105155 
-4.644125091203323 
-0.5100253261565159 
0.363596309525087 
-3.715577059749841 
3.670968010724099 
6.72764702321797 
-1.745718526455047 
-3.040081542211593 
-2.87386990713144 
-4.146907111598596 
3.189496845771186 
1.69538894637483 
0.9127564436922849 
3.588316054038384 
-3.230509408028281 
-2.043542859898784 
3.439838153914255 
0.7034388318975953 
-3.934055002471744 
1.084638907549413 
2.077742914686715 
2.453652242099142 
2.374923219098378 
-0.1002367296007799 
-4.478367689312996 
-1.108653562851885 
2.629688101686473 
1.086639579782827 
0.8486795168227087 
0.228064163442722 
-0.4590257835369603 
1.408488343256342 
2.893224323602011 
-6.261363284889677 
-4.930807563061307 
4.064146736203629 
-0.3954431434151584 
1.153330994310583 
4.721335198509122 
-0.9861255712313284 
-1.280682523020478 
-0.09261154110443165 
4.418513081736524 
5.984637513096069 
-0.6370713072561116 
-0.02741497707694807 
-0.9441333142651355 
4.189021730982065 
-0.6289492786161863 
-6.282344050731734 
-2.796888271397991 
-0.8806656686739759 
1.510356917552219 
1.927108454007088 
2.962915844288215 
-1.524491145127244 
-1.419320367437694 
-0.4222437413311036 
-3.050734458639691 
1.380064236955454 
5.701238268939694 
2.119647698033294 
-1.271810309798569 
-0.2570126564816826 
1.124525348200526 
3.248827723193175 
-6.085668833903981 
-1.985418963268297 
3.802833242329966 
-1.42612358494943 
-0.6271467440363991 
-3.82024537379057 
-0.7440917018858225 
-1.037161465557224 
0.4268408909979235 
3.438794319882251 
-1.358016017154037 
-0.7652054653335265 
1.913977904869173 
4.745923378214131 
3.475271394286022 
0.6125509466617419 
-4.550232003270258 
-5.390040035448427 
-3.563889447516889 
-0.3838580148385503 
3.532365789650574 
4.696079293403948 
4.061239988913421 
-3.523117002500914 
2.230206760548606 
2.975923036245999 
-0.617694441351636 
-3.966752463637415 
-0.9259151130633924 
-1.39744243789196 
-1.488187073750046 
-0.9260486300210863 
-1.477856958208202 
1.835773882753455 
0.6751107790416638 
3.931190886141737 
0.6424034040685548 
-3.009697743274399 
0.6330202975058012 
2.590065402509369 
-1.68118343923105 
6.636990211122764 
-1.999489523446676 
-3.442350506434658 
0.8381138724062104 
-2.113209387860392 
4.113549509030473 
0.2985153045425267 
-2.255643605915869 
-5.502979224849425 
0.9927321739949071 
7.293404191142904 
-3.023128287277236 
-1.137073020321511 
1.657942000072447 
1.519372925818035 
-0.7008499887941965 
0.9013094612338284 
-0.5836165612032727 
-1.012976370526837 
-0.1942285051254124 
-0.8214163825385536 
-0.861779585533033 
-3.975685643625512 
0.9071061822185078 
8.789167997700474 
2.203406718945494 
1.243534484695184 
4.682742613727777 
-0.7018807817365186 
2.508061332478066 
-0.5826102387258588 
1.286667658779755 
-0.2518355196473317 
-2.110120210835476 
-0.5072831201019935 
1.149806250055281 
-1.875643968743917 
-7.357169544632717 
-0.08067981711374719 
-0.3770487774216985 
3.483739989786976 
4.337978057137835 
-0.3768803272175495 
0.5018016427575215 
1.53934341477722 
-2.325853285701363 
0.5548444140536715 
2.094870302807118 
-3.080704430171391 
0.8205969274820751 
3.238981681859873 
4.390687821287682 
-0.06988588677599372 
-2.291430677632211 
1.075588353063306 
1.154496040474201 
-3.565419711740418 
-5.514491789229856 
1.843361646015666 
0.4645783344867023 
0.8453550479390727 
0.419532337159065 
1.171118047951172 
0.2938344386003979 
-2.813294299044581 
3.910923382633505 
3.93954597599969 
1.721817918046793 
0.9559869198968723 
-2.100414031973273 
0.7112173599821969 
3.421598132811176 
-2.954252330724696 
1.082096502555221 
-4.157317110563791 
-0.7433630555285748 
2.01587302485289 
-4.531614068886718 
-1.604780980560259 
6.558717663528634 
4.296849557595911 
-3.001231479420466 
0.5034017044512342 
-1.936146398282736 
-2.565991504573885 
-3.707814296378413 
2.558740825857467 
1.204648576020608 
-0.805708399932876 
1.561061634154608 
1.230649028342171 
-0.8795147663674816 
5.259113116520843 
3.769888097088163 
-1.846878846205039 
-3.045077783020958 
-1.542449417411215 
1.849133292776122 
0.5621292404894228 
-1.295916127169127 
-7.916804983179097 
1.544053486592937 
0.8948897186574536 
0.04682431695740923 
2.937112804990384 
2.545405863501229 
-0.3791285528539742 
2.566751882808903 
-4.192335611070507 
0.166234243911949 
5.632459410259408 
0.2769030689878598 
1.009281832166942 
-1.72839352418844 
2.948153928332782 
2.357516014396194 
-3.689921226959927 
-0.8522088399737451 
-0.9243242207034229 
-2.200799967106594 
2.573126028110135 
0.2971406410195049 
-0.8966394734813297 
2.370230022550728 
-3.407190911173069 
-0.3187375155844028 
5.258750490161561 
-4.811937285946935 
-1.208435267107016 
1.784895872031036 
-2.13164906770772 
2.012626878857323 
2.71995771180036 
-6.7623890146101 
-1.611797358946698 
7.135502790964088 
3.535857439021728 
-1.043144635851755 
-1.764639744932997 
3.219881429194949 
0.2937098981595881 
-4.324279861347996 
0.267342824890523 
2.970269597689066 
2.3641182131243 
3.100423697439679 
-1.537032435629791 
-4.550202378334753 
0.4922936446035912 
2.892588434929625 
-1.081884549183723 
-0.4243902656673339 
0.9399783530360893 
-1.144854687615611 
-1.760590083193832 
-3.096615246779731 
0.02128297964286602 
2.668212093194177 
4.393240870545667 
3.935611270734792 
-0.6991811289184016 
0.1374335708740866 
-5.869037510859179 
1.893572076099029 
8.698954770783926 
0.9315715157916912 
0.5524715233627152 
2.274106025244181 
-1.536664405611892 
-2.597422592543952 
-1.29954145077417 
-0.5505961325050015 
1.101299528324085 
1.317488804347358 
-1.046011971267586 
0.3796209488376193 
-1.926777055817401 
-5.386079446718633 
-2.44775649431355 
-1.469101864978116 
9.08878618119631 
5.54881706760095 
-2.261193787861941 
-0.05158010988343536 
-2.130584908815486 
-1.874629593492441 
0.5900715137727548 
1.006982190514205 
-1.244824821403044 
1.761645082050266 
-1.062693687689171 
3.792782577949883 
4.373618108768904 
1.13030229248047 
1.264727479491143 
-4.711007975089967 
3.849762319352211 
2.152138400086512 
-0.5574010187742032 
3.9600792381511 
-0.3365335456844967 
-0.1714411277857905 
-3.738933783279589 
-0.3335018549590788 
-4.728265219182307 
-1.816812883342565 
8.970660145613913 
6.748889797280265 
-0.04263730256955389 
-2.108187240358246 
