solver_type L2R_L2LOSS_SVR
nr_class 2
nr_feature 1984
bias -1
w
25.11032624952455 
0.9829751630238478 
0.6274195576785122 
4.474528526363723 
2.187672604803014 
-0.9726276595935212 
-1.433633256354224 
6.421367073763295 
6.372332107321433 
-6.953601645197924 
-0.8847378831657803 
5.707057614975874 
-2.452823179592899 
-3.494963470709044 
-4.578565006420754 
-6.122029451825274 
0.3823350870366299 
4.591153470161204 
-0.3510366973531371 
2.322214342715142 
8.609908169587603 
1.107089865008668 
-13.01210465452469 
-5.343637918910059 
2.589783116711951 
-1.851477751731347 
6.518593636000811 
1.578894088197788 
-5.511689324354945 
-5.966057778516264 
-4.193113494392772 
2.739407417746188 
0.2126587481669134 
3.096853060292814 
7.342468899217488 
3.737123641477737 
-1.116454094119286 
-2.153862298800093 
3.123169668092216 
8.05124968014384 
-3.95491508785425 
-1.639138153562569 
-2.896047596836618 
1.186371733531962 
-4.671272963091867 
-3.78698680414072 
-2.521000035582699 
-1.248790159119512 
5.975340961814872 
1.919297474830433 
-6.032771221524666 
0.9096185397660749 
5.672045152960272 
-7.443742355383121 
3.654477013207197 
0.7601114489066955 
1.197195060820238 
-5.820575339530788 
-4.060087641988241 
2.282632033861249 
-2.728074051019435 
3.286863126931495 
-1.672422038812965 
-4.713463067246526 
8.736289540574804 
5.930914540611138 
-2.439318001361084 
0.6343417976765723 
-5.98634208085672 
3.365841092971967 
3.975644907250906 
3.13312077512018 
-2.737395786840411 
-8.618734074053693 
5.096725095703119 
-0.6300522929322422 
5.447835811320674 
1.360295870489792 
-0.4980256891680132 
2.61210607113288 
1.024094048291216 
6.157727301722571 
-9.186958567033807 
0.1036779178178587 
3.376596071763129 
-4.940890162389572 
-4.670279239538544 
12.26617591512569 
4.473480739752686 
-5.990358546980815 
4.050398294428462 
-1.269173012704051 
0.8095938037317669 
-8.765726228069841 
-8.319745982942571 
1.300614685850715 
0.7717886688081572 
5.82210016022572 
11.42862780532849 
1.718617362167262 
-2.269708829433264 
8.057637768060916 
-6.751972862390301 
-1.695287740818138 
1.653948275337768 
-0.5601321477124072 
4.869891490229662 
-10.52591151096108 
-4.198185069542394 
4.092511154421449 
-1.928060159527895 
2.256751011557844 
0.4584301620291295 
-1.649361535889609 
0.2655882843784776 
6.822074134180629 
3.766578329433341 
-3.600844192298593 
-0.02640119294732924 
-2.399255055772031 
-7.878751572727358 
0.3826577234794223 
1.575950879633355 
2.852443517487482 
-4.549153704189747 
8.047400761610948 
0.1292176833107661 
0.4575638345613296 
4.371430140754834 
-7.360510494734348 
1.990563117699803 
-3.147488862847823 
3.531427118028813 
3.20882292079731 
1.494684721160313 
-1.231434370191287 
-6.410206253604165 
-1.863983188450669 
-1.339070561611243 
2.743221582933023 
2.380498626676852 
-0.6468554557969924 
-7.977440400858961 
-1.308194889250476 
5.787010662325116 
-2.886398389227679 
1.722596654652153 
12.05033041437172 
-6.375938203756151 
-3.549115241173076 
3.360127838081724 
2.600842012504754 
-1.117823455389283 
-9.762649687770738 
3.581168440457225 
8.769625711793736 
2.514565251836146 
1.641849869520617 
5.893837024359585 
0.3240194502118565 
-7.528160068175502 
-6.353407244178124 
-6.339646990763431 
-2.493987587181231 
5.251086237188189 
2.983606072275662 
-2.471535024243592 
-5.681955785464845 
-2.936519896341982 
8.853727020903213 
0.4762396228657262 
-4.771687347803758 
7.567841289937597 
2.594934983893523 
3.999357505768386 
0.5743824872467007 
-9.997487670198622 
-7.612559099019724 
4.411533893078836 
3.470880526828155 
5.465684149569993 
-2.409421339718583 
7.482373813928961 
1.749465702868384 
-1.040387403881463 
2.381093288929149 
-7.174259643306002 
-1.145645866158126 
-7.702218854888493 
4.431900219447018 
5.73250500951906 
-7.139587718864408 
2.637029231066444 
4.814948013136927 
0.2969728931424918 
0.080285422546677 
-2.503739577873463 
10.87409896377419 
3.108627372893933 
-11.02019529238148 
-2.964018637693554 
2.488021668722526 
7.546577756619525 
0.4281534288908088 
-4.148451766582273 
-0.9524192213239016 
5.086135796930963 
-8.417408394036686 
-7.786861461372314 
5.817853969165176 
6.395635948894138 
-1.681079245752309 
-8.56134323579556 
6.565473260286926 
-0.5661809134324627 
-2.498833915272607 
6.976733849673479 
2.863085218744908 
0.2548017157837965 
-6.439574915217859 
-5.369693282222646 
-3.828193152336009 
-7.376688301978594 
1.318409286453078 
10.4079790615195 
7.483829916675662 
4.995051630261926 
-9.798818194488575 
-1.095065460891588 
8.953096094568615 
3.282594820550892 
-6.004734067421012 
-5.935145355003725 
1.167136245504385 
-2.117701295056922 
-1.403831275880458 
-3.458965183461038 
0.7479242485216553 
3.933857328909739 
-0.4055916989159469 
-6.497485784031263 
-2.873926564573376 
1.991992402231248 
-0.3808832599605641 
5.544908839098379 
-1.934480842178457 
-8.608906149408764 
2.045270859485825 
0.0698803976309605 
-0.8229640294266833 
-0.1521249625665017 
7.301947743570297 
0.2242554577295938 
0.3953263615023319 
1.518051580758153 
-2.07384132350149 
-1.931159255193463 
-0.3454313030422875 
6.497366678607845 
-3.122904659559168 
0.778704972824014 
-2.398372669155326 
0.9110155364640183 
-1.22908363510627 
-1.059554457133649 
-1.245567142965031 
2.72975532690577 
0.1888016463908253 
2.955817016180883 
-1.003650402849592 
-4.336738055428297 
-1.320255831146493 
-1.110281856505007 
2.375539461089627 
4.197498519552758 
-4.625825707790603 
-6.058407998070252 
2.07735830879284 
-3.08934679499746 
-2.355134236235309 
2.693206438026699 
-4.905983253447047 
0.3628114734037012 
6.806857227039039 
5.193289177208114 
0.6806791810166281 
-3.576185998358539 
-2.331633350412802 
-0.7429317167747054 
1.761721921747031 
5.502514277065533 
6.570878786071261 
1.162774708522121 
-2.095923274660921 
-2.752788921233101 
-5.37769343845626 
-0.2758582375492447 
3.777669669140816 
-2.535552075533208 
-2.185109622907849 
-2.362589553450923 
0.3119206657063583 
-1.475568600250246 
5.126022117417197 
-1.67892765316877 
-7.108004232295286 
3.316168023745121 
3.945956486569478 
-4.118288124660027 
-1.434741663668863 
2.13894596341179 
6.334112529666978 
-0.7410102121010038 
-0.04895233216425018 
6.356521174745277 
0.08506562928467835 
-6.010702482693678 
3.269341141470329 
1.961318731118278 
-5.21193363012906 
1.080073350213083 
8.961592038484877 
-4.506254935754661 
-6.461535189768639 
1.43692382773415 
-2.110997290145011 
9.606211554986071 
-1.923138056370577 
-7.223521645278193 
-4.533746311711097 
2.010640773941602 
0.9982617004694433 
-1.071336550506646 
3.393492256999572 
-2.184351178023307 
-5.131340642627483 
-1.605487854179727 
12.23501144841221 
-6.146943682483363 
-2.541090840026114 
10.47207494304209 
-0.1345980595755859 
1.661849417025878 
4.183593457011964 
-3.683949474278189 
-2.991714014044554 
-3.392214401650856 
-3.124571407979267 
5.679930938114993 
-4.191730000141054 
-12.25905649526516 
-1.322883849805604 
5.820110053615247 
7.828396666344741 
8.73085953468347 
-5.952343459876776 
-4.049949909984321 
-0.2950152762361223 
-6.607363925356527 
0.9030589958711621 
2.602260042009823 
-0.04682992721002006 
4.312379065184295 
-4.680684902378892 
-0.1043870352812114 
1.868928614868588 
3.237177497554586 
4.434002262712942 
0.1388710442019898 
1.780741852838832 
2.591704109363931 
-2.018265279096501 
-3.128517896319145 
-5.081944786405903 
3.668479189305674 
3.152635949786307 
-1.599029991359112 
-8.03375483122435 
-3.583433377280661 
7.186301224178193 
-4.114117326536384 
0.8332560146252904 
6.03449639840014 
2.571802267770767 
-5.508791058457271 
1.82533453718742 
2.164655506231666 
0.03514535634824496 
1.021050518617978 
-8.572951868420912 
-0.2488398285422263 
-0.02213879445584311 
3.384153342602038 
2.189180589599206 
5.849039619615514 
-1.341701286877504 
-2.43285065172995 
13.30069669319441 
0.9867690643528609 
-6.503739626521353 
6.530735173230656 
0.5105593492137346 
-4.859422877075517 
-0.4098000205008647 
2.78468897519348 
-7.16288740781512 
-2.785917281533375 
-0.924446701200945 
-9.82884600558473 
-3.601860929429304 
10.74022167706871 
0.8960066285158892 
-6.457021312835191 
3.558420147785051 
-2.181229261433755 
1.460170053008093 
5.872861404684204 
4.190323965474221 
0.8049746749595619 
-3.907071261524504 
-3.7427301484488 
6.46632564998035 
7.540334773789201 
-0.1101290529883579 
-11.29919775115752 
-5.547601849424677 
-1.667609848474498 
0.8278498055435146 
4.823822644848581 
7.29241957405814 
5.155582635074443 
-3.646574721675707 
-3.985055778843483 
-3.403252546370223 
7.929320207203681 
4.069832490889476 
-2.169111429925691 
0.9807726510346979 
-5.45423404285419 
-9.170155209477354 
9.000757039605489 
2.616913763220587 
-6.705586663736169 
1.413431258569797 
-1.336966791941977 
0.8516838369866513 
-2.275881674924001 
-0.7692253962314749 
4.939048588469197 
2.678299961392366 
-4.857183868823901 
0.964529881559258 
4.680077325451927 
9.501167098021039 
-6.973901367928022 
-5.636389785952199 
0.2892467876508679 
-6.435324995127768 
4.863175699450472 
-6.502909771959518 
2.19009463082477 
1.822801069307081 
6.196544088824028 
5.127363628097227 
-6.737630448408622 
-8.118842376603064 
4.359753218806153 
7.242218054579231 
-6.341332476048979 
2.623343492850886 
4.826787769995977 
-1.972251505444926 
-4.566633480697485 
-7.395555660972846 
5.976828102434829 
2.051140856222137 
-4.488280855774912 
5.041443037197825 
0.03378489632175089 
0.8426316295960289 
1.722731862460892 
-2.330917360387052 
1.173096773625672 
1.129066092069525 
-7.266455729902788 
-6.857677139324442 
0.6885408734834335 
-4.138947753003485 
-7.103118468900182 
4.554368604756447 
9.574740284538084 
3.038285313672927 
-2.850805446266777 
-0.7101229370828144 
1.882251001590157 
-1.889002371000076 
2.053256528506099 
-2.370178551574367 
-2.051102173943293 
4.864424887120575 
-4.553082610058853 
-1.991148745190306 
1.283761226924409 
0.8929895401761049 
13.95388300101994 
-1.4531271074634 
-4.833764075847635 
-0.7457794660966521 
-1.221824957173769 
2.012091826842314 
-6.17470427945576 
2.119288769432465 
0.1218263418869789 
3.864570466759705 
4.834125398377096 
-5.805630483545428 
5.432875128154573 
3.253986608818409 
2.296449328092471 
-7.620428155315556 
-10.47787874442841 
3.911934022745588 
2.283591238479191 
0.9677726383420383 
-1.281626664873114 
-10.13283271305676 
-1.76021787932169 
7.953873287036032 
7.893719257514814 
2.030673034747204 
1.55854260155615 
0.06163321101130537 
-8.004555890571453 
5.764455233163435 
8.883535005799413 
1.200442852053658 
-12.44056713605069 
-5.680678796943405 
3.317084126191777 
-2.865219077917078 
0.4692288611859261 
-0.06506346226336297 
-4.370807518543269 
-2.795054624015579 
1.874840997889569 
6.529662712604386 
2.199172749298862 
-1.74390283740097 
-0.9621149771680683 
3.233934998545747 
3.400019021033919 
2.201770890357648 
5.327453728538466 
3.286515726281384 
-2.737961716686526 
-3.151195687335601 
-2.752160970366644 
1.080535356059843 
4.734609876441795 
-0.4034996730706101 
2.039705225004378 
-2.56398479874809 
-2.969441458336597 
-1.337008265406906 
-4.747569949995474 
3.54157685090971 
-1.758502189122273 
4.600192920963255 
-2.845217320063413 
-4.295112759367797 
-8.669074011933168 
-6.516931612965443 
10.61792828599942 
4.089229808002719 
1.061852493133659 
2.807810180872528 
-12.36401960222337 
-0.154370754549286 
3.153676237249587 
-7.841034185833023 
6.785709334775886 
6.541594814680234 
-0.3133049138864606 
0.07354709876464265 
-0.7649392124296009 
-3.526992179822769 
2.732392162470307 
-3.295027947201139 
-0.6917164586365622 
-1.651441851462119 
-1.709070194109241 
9.353254403808567 
4.558799498417413 
-4.993174883417037 
-7.560499633603325 
-5.905579100233189 
8.483890155579987 
10.48672388260265 
-5.18586989454432 
-2.842686260883608 
5.669291523127499 
-3.059002956749505 
-4.986513781733907 
9.361342953399097 
-1.48513806081113 
-3.862107193648058 
1.849947857539341 
-3.432811843618275 
-9.132074028404734 
-4.367363730452841 
7.14628435618322 
2.860784723898441 
-3.295325193673724 
-1.313296327129446 
3.74226094705215 
3.994560137898271 
9.166836127602249 
8.219240790581999 
1.558659476027104 
-12.42658734427878 
-3.568226091225279 
6.985427005616111 
2.047578638124282 
-5.01033584366593 
-0.2367661663638841 
3.859329986950043 
2.689900609528739 
1.554889737332201 
-11.7304604375801 
-6.67736970470361 
2.898155128079726 
3.295555478413829 
0.8046441611654959 
5.178219348629822 
2.021096813697799 
-4.292102910767588 
-2.884993320479478 
-4.216403540743173 
-3.47892388450649 
2.348455688261947 
6.129933983640496 
5.328815091752802 
-2.961304707638643 
-1.367565452252559 
1.441296207560251 
0.6434178399843516 
5.334903642729509 
2.131727353501746 
-2.254184939830796 
-1.76439175717088 
6.643007894186836 
3.362602435699651 
-2.744453288124322 
3.190087461766709 
-0.2317369176995086 
0.1768376306282624 
2.601159392294628 
-0.3477927991057226 
-6.116701047498427 
-12.02277281975494 
4.00731331905059 
6.98191617076602 
1.914688351201888 
-8.699836538993619 
-0.6695589956510832 
0.3762626540603795 
4.906354758805976 
0.4179981881839241 
-1.087368849839815 
11.3665417882865 
4.591138159040046 
-8.32484539382245 
-7.906531019489957 
1.481985372380033 
-1.220494956668887 
-0.6974624440265558 
-1.780173753472593 
4.765785137941953 
-8.472884614314223 
-9.445609280187892 
3.286759291952424 
1.50246446101178 
7.745152146606757 
14.27561294285769 
-6.160579292285266 
-5.635501796214735 
3.637163958727737 
-0.2573319516747132 
-0.4586413400390797 
-0.2535948371399378 
-5.391895626769792 
0.3874729488750611 
12.62102740892197 
-7.30472510816217 
-6.206731129225149 
2.108933898843003 
-3.523362364598289 
2.399220698199676 
2.258377741320417 
-4.039332867630797 
-3.087229173316608 
-2.945837351429536 
9.020641457319112 
3.399613837082627 
-1.057828932761813 
-0.9015917910674737 
-2.701837242115016 
3.061068920589237 
2.878899738734149 
-0.761044378689103 
6.487482978773927 
3.820933464040051 
0.5356617241856394 
-6.29494636623651 
-4.960986207188411 
-6.815799060717525 
-3.194226437352051 
0.2270269775484551 
2.857476855807357 
7.274907339720768 
0.5782389883314817 
-0.02538508744150807 
-5.866120016476947 
-0.9265787701846659 
8.972879644093805 
-2.9507268410623 
-3.941413573402022 
0.7185762559166536 
-2.081326209461729 
0.3028048469332071 
-3.172945517923997 
3.343464978653915 
0.235353454863802 
-8.382498980893402 
2.046153812452172 
5.196777454598883 
5.42627058350484 
4.053250099505467 
7.079110901210141 
-6.611603626521641 
-10.70163267155691 
-0.0909497940991619 
3.106055638051542 
7.746833244352445 
-4.577756180544064 
-5.442313370283077 
-1.838534227253077 
-5.220185002717995 
3.779104058739903 
1.094187024852308 
1.168047702050904 
8.142758431411403 
9.340678714962586 
2.181773226504112 
0.4395735647977067 
-5.476885176317829 
-2.546768149924246 
-1.269427231617669 
-8.926459957826525 
2.530511640073845 
6.365018069320738 
-6.572082450721204 
-8.361514848496286 
5.051012756596631 
4.08638463759296 
3.364174827860357 
0.145923054121978 
-1.372398876078151 
-3.533125813784333 
-3.445004082479592 
-2.304613913407784 
0.5557756974455961 
2.722907916421315 
3.21200330792804 
1.827961825057891 
-6.388052258818901 
-0.7803941209792209 
5.745307161862843 
1.635453252370137 
-4.777348583708958 
7.535159163710659 
2.053309765588742 
3.308569685747656 
-1.535966172453805 
-8.639439767048021 
2.081222436298578 
-7.927987825281371 
1.420079829218969 
1.616651218643951 
5.135013268880575 
16.46203796398461 
1.275114267917539 
-6.802157280502034 
-6.094684383368881 
-1.525304398758149 
1.139063193131704 
-5.244694897986262 
-5.781915969528549 
4.217576053139812 
-1.108168297962425 
-5.107568682605991 
0.4874842628997955 
0.4202749534733321 
-1.250607573332617 
-6.759588610854707 
2.93686235305393 
6.363686075419078 
-2.057211946447517 
-1.348707360455595 
4.675888127667839 
9.090846699592175 
-1.17269233857018 
-2.931270369709575 
-0.4980087488951735 
-4.884805295283818 
-8.309413877716318 
-0.7922591676976506 
2.759485426457589 
1.851347403932226 
-0.1487214679798254 
2.274576689172171 
-1.950993079370213 
1.375130160704734 
-0.9987425958451063 
4.364132807538174 
7.748226689962072 
-2.020946684324985 
3.899710157910084 
-4.016741106501847 
-7.638802458140656 
5.088064255970047 
-1.875794212585864 
-5.077164458064988 
-2.7535373451564 
-1.376698790695076 
7.075324423878312 
4.71361520887225 
-3.334475291056276 
-2.881920229483411 
-7.401579131677964 
1.051460763016002 
8.031281601777389 
0.5736585645158466 
0.7959060211419315 
-0.5351722224236309 
1.258765402489275 
4.978395864836464 
0.08666818689217748 
-8.54262040439216 
-5.524614296437629 
-0.8496168861746158 
10.06018712470294 
3.700495241626931 
-2.408964160023963 
-0.2224705696899258 
-1.021953552034003 
1.435288174884272 
-3.486609505221093 
-0.7891406463144619 
-5.008807529502326 
1.396339268184942 
9.551650690365989 
1.334465300243398 
2.827497653396279 
-4.373781794710081 
-1.395143668877517 
0.6056079602153658 
-2.560326513788721 
3.871825942730777 
11.07320673795863 
-4.859786649362058 
-5.891971519868245 
1.243695966483367 
2.054751979326821 
-3.753304112182946 
-9.172058445227336 
10.9700089261919 
-3.135765192598012 
1.211515797900644 
8.105795730389909 
4.081503873054676 
-2.411972178102336 
-10.46253271410401 
7.2225709159851 
-0.3137075071242195 
-6.337320723974265 
8.819785004547944 
-1.885734489132141 
-7.790807923646981 
0.5672527992879197 
7.551427874483402 
7.165548412063215 
-5.020786144591912 
-1.262024008726571 
2.326944360192046 
-2.60277894503442 
-0.5350948367196433 
2.218477146682442 
-4.576193750587045 
3.530978568269503 
-2.102521692044655 
7.154441629289173 
0.09291703513129107 
-2.67863930462471 
1.585730366521539 
-2.750891436934054 
1.13595762287977 
-5.847411323330732 
3.62784426005003 
2.363375089898474 
0.571841895554682 
-0.6536451925346958 
3.908711408532648 
-8.40129388209057 
-8.013164201414483 
10.76235449211966 
-1.414050089684174 
1.052275356451401 
0.08255979594309122 
-5.199417627021966 
0.6815590114283985 
1.317502605555546 
-2.18567393825065 
-2.114615299145485 
-4.118082862849073 
-4.165943447230043 
8.050153561064846 
10.17608910825708 
2.407488696297214 
-9.553152087710229 
-0.3101804875572166 
5.085540051832553 
-1.994117756499441 
-0.2841074809699186 
-2.337239399936393 
1.740854703002258 
-5.529498948177594 
-2.363113751271835 
10.97189458261012 
1.589429944026568 
-4.0200402884098 
-7.064417330815852 
0.1268034182754832 
-2.197941219373835 
-3.421674344839698 
4.47550977637314 
-3.472615173947414 
1.320335965258552 
4.986095770914463 
-0.6261177013873325 
0.1751671221356212 
4.540048764235586 
-9.021984013041225 
-11.68531543685727 
7.720891349267263 
-1.4705161165557 
4.262710259434304 
3.857109224225942 
-4.412867209879933 
-0.8110139700335455 
10.0474815974035 
2.846650100701311 
-7.143221794944421 
3.656412377490049 
3.066128174546044 
-2.335560706272443 
-5.14486032410383 
2.93532511346527 
-1.749024180418775 
2.65133916939406 
3.295529296297953 
3.817398705187748 
-6.435679778599861 
-4.265093087450463 
8.448550382035286 
-1.468879082835395 
-6.506025106725418 
-7.509443274798521 
0.6059605583804527 
8.295493032662369 
0.05120437183119583 
-9.491266755213593 
2.769023062260549 
-3.080802951311772 
-3.477550499196398 
4.244668794056264 
8.087728760691697 
10.98473406205711 
-0.6071513868553852 
-7.377376784747071 
-12.19079824819974 
1.172383995283991 
11.92707588916418 
-4.848739733353965 
-3.913681356435101 
0.01658987737798198 
-3.327204914976854 
4.19802755270292 
9.849543815972108 
8.26902353073333 
-6.77191664767885 
-3.063382790607409 
6.22777912867839 
-2.192962628581388 
-2.12466420535857 
7.944229386831282 
-3.854966586061843 
-2.450193149029511 
3.94790345738083 
-4.211486847590245 
2.597371409648238 
4.336677171050227 
-0.6438426862403359 
-1.953770063777584 
2.327498256890178 
-0.5106127821444051 
-3.779496651390654 
4.407113113867023 
2.703500804739598 
-8.586773107051204 
2.873173137211217 
-3.857517074282637 
-10.74066091179085 
2.224075900157232 
10.39451259808784 
5.971182762116809 
-3.249124905091419 
1.609732364721824 
4.737467048878425 
-1.404102642498548 
0.9830172116997311 
-0.5989870064172101 
-5.136021928820477 
-3.187246253810875 
5.71781567234888 
-1.588459826965883 
3.693673522122363 
1.648611028130924 
-5.420418716226444 
-3.378271417761712 
3.393406091484714 
1.066470163597943 
-15.84355527378494 
-3.648946325475368 
5.173782444486418 
4.231604453606003 
6.945059357299057 
-1.049868477351199 
3.2188418269171 
-5.534082620125726 
-6.767512738761036 
5.374994929743145 
2.397920046455067 
-2.042627778476295 
-0.7642006186775679 
3.293770782663879 
-1.090615403432394 
0.6982425532016102 
3.192150715607127 
1.585125382137274 
-5.971832819047791 
-1.759239755596079 
11.0343618229902 
0.3121169448901985 
-4.491826134147675 
2.290774562539957 
-1.284944416912609 
-1.61601307874619 
1.603955039933874 
8.779549375414833 
-1.972145791300422 
-2.642128203414052 
4.272198980573262 
-3.301692148271109 
-6.337052653543652 
-7.849376966779019 
2.820870878764956 
5.143787777016972 
-0.6416826595970204 
-4.38610147373706 
-0.398822338899487 
4.420114261624208 
2.204131729094493 
-5.190708870629464 
-2.953566026892195 
3.232608512566997 
2.844876540922483 
7.543061422539107 
-1.886777456082744 
-6.01636362033391 
0.3287979774946475 
6.013439677105834 
-1.313398452395406 
-3.344744036503944 
0.9723793518416053 
-5.112482043899236 
-4.246881543165532 
5.026793146942052 
1.941583679195246 
-1.052257814198869 
3.772709815279951 
-0.6529653464949792 
0.3471874037860977 
-0.4847793809840025 
-10.41873721144416 
3.574422504801324 
3.039851102888262 
2.644374283964042 
11.25406975450783 
4.093413451688037 
-4.010496073999451 
-3.995414334593257 
-4.464463175362807 
1.887664229881832 
-3.039187163419406 
1.163856143906518 
4.399123094559851 
2.486914309840673 
-1.356757339226683 
-1.862942864305807 
-4.213191728303422 
-2.60413427327401 
1.696100882621549 
3.750947372301346 
3.294798402928998 
-3.106439984240815 
2.199431261306202 
-3.341095214302914 
3.285158666014143 
2.39600933424824 
0.9727171530819384 
-3.759696511749163 
1.194536682848658 
-2.583166174997067 
-1.869703841843555 
10.20255772994418 
8.891533284151574 
-0.07249991250358315 
-10.77341157728252 
0.680507558306612 
-2.721869506459345 
-4.711725658425892 
-3.122031409328463 
1.556768854637488 
-0.6551793670199595 
2.147952847609522 
5.877663248904351 
0.3738239388984377 
-0.1113300265614706 
-6.013905110892834 
-6.133578375172354 
-2.167671729067416 
7.558013111313036 
4.090981184348813 
-10.02924415650582 
6.339964487013238 
9.133435549309661 
-6.29263042322581 
2.76869618217086 
-6.392755129396368 
-8.976501488402475 
9.179471331257979 
3.362922681468082 
0.9787330844219442 
1.80960777948957 
-8.030696553236682 
-5.524914500392697 
9.114091717120504 
5.255780877327686 
-6.360419758374685 
-7.347826151356267 
2.653431747346625 
0.9567972911504955 
-1.149722461860504 
3.104011206421258 
-3.123125809260482 
4.536041815805009 
1.784907267401444 
8.552891395835227 
15.56663678384101 
-11.83001353295674 
-6.885156571299541 
5.26533257823829 
4.909244147514642 
-2.88808073993185 
-5.002950308742327 
2.942648465998111 
-1.96599726100494 
-2.305819163135058 
1.243151573205411 
1.184192035595452 
-3.449811249487632 
-6.039103293125798 
4.217661205808232 
0.7724922180863516 
0.4421991298846885 
10.09054997943991 
-1.538040649750376 
-8.868734831460335 
5.725269234376595 
5.505862907966715 
-4.263330446076688 
-1.902997634980313 
-0.5107568601342507 
-6.332122680063212 
-0.1017772734176877 
3.99529161309011 
-2.918620069866041 
-0.8057166495581574 
0.1254566581777039 
-4.465998806866535 
-6.550771122113099 
-2.597113770949253 
0.7979350052967306 
2.972394012148426 
1.097521628901254 
4.556973391840873 
9.980834665338822 
-3.004853207589183 
-13.29502565357948 
6.510505042990566 
9.365674812535069 
1.575257420596714 
-2.822792739369097 
-8.248052819318266 
-0.5502906804869118 
3.782733084609076 
1.795088300685777 
6.922165588582738 
0.253188161095106 
-8.663670602272349 
-4.862394863161342 
1.981164521002981 
13.34090117666004 
-6.105517376698778 
-3.658380761794323 
10.77659856313664 
-4.187878293674596 
-5.20179982020956 
1.193348951610975 
3.608790909429579 
-6.969840790883762 
-3.83758511146275 
0.03552266756424461 
-3.922971554140692 
0.6794752203242456 
5.689625136759688 
3.909019313165861 
-1.470543146389391 
2.940409961834785 
5.038303505546301 
-3.541644250964455 
-1.862769140785189 
6.072243231784477 
6.057194788064678 
-3.386931149251617 
-8.243201578809957 
4.248121828136784 
4.270217686208643 
-6.571954021444815 
-5.153316070351595 
0.2247419834290875 
0.7565794595851629 
-8.029735925448506 
-3.1076682143522 
3.552742355887419 
8.442263743208896 
2.952517635257197 
-0.4266858935375273 
-2.247411389742111 
-4.754404106156213 
-3.638203809184406 
6.485925437443505 
-0.286221534795594 
-2.189239085351344 
5.754452891100724 
-5.134875201467192 
-1.763908636839508 
-5.595156819295651 
-2.038407577011305 
4.41480858408996 
3.915950874985241 
3.192675847888576 
2.22705848119396 
-5.247999561333533 
4.179699386238704 
5.641014286764997 
-2.06954518562968 
-2.598106728822803 
3.192705898673452 
3.513561556913037 
-9.177137084809992 
-7.283538152605091 
0.01546040392155041 
1.783942698205133 
-1.966137054254071 
4.329222288307879 
-1.948551558987119 
-8.757336042007026 
6.006314689931348 
2.525169449208552 
-3.136346081290585 
7.197590427946534 
-4.04762252322838 
1.000839722415475 
8.662324252158534 
-5.106737503490005 
-4.145140366337979 
-4.102753953519245 
-5.170068611221396 
-1.056319713319904 
1.6479408862235 
7.441043369399916 
-0.3979381613047263 
-4.945316577126045 
-3.528467083946268 
-5.063665904093007 
4.300699863372079 
-3.674812766661452 
7.816167699298429 
10.24730685965829 
-8.447438224151206 
-0.204993166576097 
7.7617952575836 
1.682702501034187 
-5.901968026981605 
-4.700891554707785 
5.687167008796469 
2.902309116080537 
-6.829704150108997 
3.592011190871198 
-6.05660339312667 
-2.064852929317299 
4.019342818191586 
-2.367898960613398 
-2.76560666460745 
3.271892818525182 
-0.4536042093223361 
-6.148218206577607 
-5.421252135698528 
-0.2347473063733689 
11.58029797288601 
7.020159128755197 
3.835751806284711 
-2.212222030638417 
-2.115692094485677 
3.018129782965498 
5.143316757721844 
5.318612217758728 
-3.636325481030376 
-7.991152001386035 
-3.105120437602447 
-0.9119859229604738 
4.028467284692279 
-2.578716197861763 
-2.631803231945368 
-9.921032208480892 
1.491345470011272 
8.235454542688178 
-8.73906538907306 
1.227615983896481 
2.786933138534218 
-0.06982210070687526 
7.491654260921129 
1.963848153113153 
-1.522679814628708 
8.183422530102172 
3.690480309380212 
0.7581335339756042 
1.770775056630259 
1.908020499110612 
0.6495869785796847 
-12.32479824852076 
-10.2327991181222 
6.942989985939509 
7.490994639303558 
2.294164620196693 
2.528414858572921 
-5.716781128941379 
-6.455301902108198 
1.198388141427302 
3.391916907643305 
-0.554184829851914 
-2.882077601914184 
9.288012592386988 
0.4672924705164844 
-4.735230954557712 
-5.996061592415697 
3.521218337099878 
3.926048649610952 
-4.226462978605643 
8.611049765014727 
4.437092322168963 
-3.583987520158274 
-4.998154840616535 
-0.468139829102131 
0.6668629873372294 
2.295491029573891 
0.2384867324913555 
-4.948618561960625 
-6.001755902639102 
1.487237683709386 
2.469674418647027 
0.8057726664698461 
-5.806104430992765 
-0.356788326736436 
0.5429951486107697 
4.893620928656432 
0.7676672257894984 
-6.796364595054866 
0.9809885739846772 
0.1619778319320899 
8.986864716374829 
-3.999627689602292 
0.6764696567860642 
-5.698936786255494 
-5.655940456399042 
10.04786184056948 
2.512636046061343 
1.773092890559301 
2.848543655947183 
-1.705372704146289 
-3.542130330094689 
-0.8654308536111867 
-2.364840549518785 
10.00223533505165 
-2.564067566856165 
-1.932843879101366 
-4.898280792188261 
-14.94635897853875 
-2.120707921149799 
0.7044725212137997 
-0.801039539634834 
2.034114953525182 
5.948212877116053 
2.643311185031302 
6.722016164700799 
-5.839896999094468 
-2.165941726657454 
3.60100797654506 
-1.120287886965563 
3.710790219618795 
8.102169983769704 
0.9499715954576163 
0.0322235540185304 
-1.998287288062845 
-7.007718064530055 
-2.48965686085381 
-4.668984846180091 
-2.499165544413228 
4.681947237912955 
13.27678804255573 
6.294124852668864 
-6.794610197117729 
-2.957360977720894 
2.915615504888107 
-0.6479860231328497 
-0.1094960717110643 
3.548841116157713 
-3.448454132228087 
0.2901323650391969 
4.015010373481735 
-4.870966691721397 
-7.497704531035857 
2.672408053761289 
1.648141998699939 
-4.274943942315896 
2.438203561706562 
-1.848408502427458 
2.20639341678926 
-1.725767994718535 
9.53392261301461 
5.951967143818067 
-6.9980037044639 
-10.05588155869558 
-3.099850534857447 
5.161979714461822 
2.417877137744277 
1.593269496580116 
-2.255207101349775 
1.959039849755982 
-0.390524940678967 
-1.579954998357694 
-0.7029601704402162 
2.42984154049635 
1.80146669598826 
7.152666629456156 
2.714818484390281 
-2.232417412690564 
-5.284331285632233 
-5.309064865691465 
1.222279197571506 
-5.247842202922005 
1.985274277850653 
6.109512548399588 
4.51458989684697 
-2.008543480442935 
0.7203085957019978 
-0.9441775893713777 
4.121657482201401 
-1.752085065528839 
-15.23510562653818 
-3.189694714487981 
3.495148809080361 
7.778494611271852 
4.565277656571027 
-3.479310740415725 
-4.611907715504138 
-4.271332735686459 
5.041036365793586 
4.106441036442386 
1.643803478111599 
3.749092292228392 
0.02400332657317919 
-2.14407865875781 
1.038222303362333 
3.108607314294379 
5.593795952954036 
-1.563399319016044 
-5.694608463831007 
-11.59434908064533 
-2.054114993059021 
-2.896838620751123 
-2.149324554036005 
5.610449055966661 
6.693784695976266 
7.373158544678193 
-0.1638127749200228 
-12.02467886841116 
-8.438894484262008 
0.7835529658987969 
9.934199904006352 
9.284201628777629 
-2.761926114032029 
-0.9800269767307509 
4.791699562451357 
2.03202596630039 
-7.572142364491438 
-8.245630214251898 
-1.312266778986605 
10.45664658032393 
4.194819052096958 
-11.71011006158363 
1.165433643895318 
5.009897623900242 
-3.047485483122329 
14.40988281610531 
-2.547626311945228 
-6.404532370738968 
2.357489800885195 
-2.024192824262671 
-3.352201801661427 
-0.9996523397094975 
-1.758164726519662 
-5.575223094666696 
3.955189194104297 
2.770244497697107 
-0.6606138767382993 
4.685796564524765 
1.563950234992482 
-1.951225745199398 
-2.452693620830952 
-4.952931199219972 
5.991658861299325 
2.043603517226476 
0.727703458286429 
-0.8157340110397274 
-4.834010301126864 
-2.777951044889192 
3.109750575926936 
-0.07239142860184457 
3.376553275792677 
5.700197194967648 
-4.538522874202677 
-3.794602776852305 
0.004052984937851684 
-2.649753031711379 
-1.560611426194998 
1.685927654812589 
3.233457491137969 
5.39130013599704 
-4.548391701139066 
0.773642550873515 
7.91675127285654 
-1.245721669408975 
-5.250690434765328 
-0.9410670340987355 
-5.39903793667676 
3.647118024443983 
8.27671316820787 
4.225964337600744 
-1.008325974657737 
-5.382757612617449 
-5.818142346802634 
-8.163993445111966 
3.961110384130156 
3.805080157121473 
0.556305526500948 
0.8197462828826623 
-9.689305118969466 
-2.476087971560602 
-3.203659158129712 
-2.906251483648449 
6.593162656846908 
8.777407076403074 
4.615162540896133 
-5.676797593880686 
-2.380037432238385 
3.433415678994694 
1.831178358998401 
-2.943050458831851 
1.81863802804025 
4.002415308892779 
-4.010623501123553 
-3.794168516259125 
-5.689123481215837 
-0.5087316834411126 
10.5808773899676 
0.3583294373602841 
-3.380089575547315 
0.9444825277448187 
1.066522357082751 
7.266757319315945 
6.470718060644526 
-1.258845207285118 
-4.898026060622965 
2.828699145354379 
-8.974837776467446 
1.905570282772615 
-0.4971571349422362 
-11.91222561339266 
-5.1309163474778 
1.939421287992526 
5.937946157276701 
6.880006335892892 
0.112785061877781 
1.676988588370375 
-0.04839700531682176 
-1.182290811492598 
0.1378136190170202 
-3.708616336996655 
1.568913064134987 
0.7445288180742542 
-0.7842049215409403 
-1.611663648304293 
1.097146189035729 
0.2647002545747346 
0.1709872142201722 
-2.529569504857114 
-3.860160415819609 
-3.644916199108189 
1.884373451437725 
4.421830129034224 
-4.637444369767823 
1.114335335671578 
10.75236635300504 
-6.838079207563757 
-7.721418448203957 
9.235707901359554 
8.540208779121915 
-1.985374429055207 
-0.8496738281491859 
2.236882811103672 
-4.930332184747329 
2.719726711978252 
3.068960305139393 
1.626068429302629 
1.763009542706365 
-3.648912681906895 
-4.267904213621645 
-3.669158569599254 
4.740407729923603 
4.880795008053687 
3.327078101006304 
6.276164677337013 
9.777280354824084 
-9.930274093147363 
-12.79687442375827 
8.33602683487784 
-8.818706154310156 
-0.4289313942288844 
10.55233524262039 
-8.483035659880036 
-2.080787655312023 
-0.3491831535946367 
0.8356038313583868 
5.49413363873888 
-8.032635479766562 
0.2981232525839742 
0.4903566869009982 
0.9076075450578466 
5.020536399171894 
-5.650236701769122 
-5.039975279528777 
1.968795210564115 
5.698097029903132 
-8.725127545917212 
-3.207403553751602 
4.03070208692358 
9.49280244482074 
-0.4373029648400198 
2.921121639677503 
3.332571660969468 
-9.322750864455223 
1.196349668646665 
-7.556213380688884 
0.7433753833948367 
5.665711060777904 
3.01212786659158 
0.898174599004727 
-1.848376928132326 
5.333911022079448 
-8.374547271202328 
-1.574037523861803 
8.080258721738474 
0.9878105903245089 
3.358360004719169 
-3.537123599748274 
-13.80621956488125 
-1.346763364022219 
8.995731801310953 
8.9921256172215 
-0.07913858373130819 
-7.670395202081607 
-1.768876166151745 
-10.40659431846892 
6.148240311653185 
7.240118735434451 
-1.370381840899905 
7.910143342804596 
2.158077079535216 
-3.824689664370244 
-2.322194049354417 
1.665239349109689 
7.119951539910701 
2.363302334663389 
-2.443682787861584 
-0.6819047134026791 
-3.997851003327545 
4.413125049376479 
0.7212946138783665 
-2.972229613730175 
3.9895276636673 
7.440569640852236 
-1.911116116013223 
-4.461933287513726 
-0.7491854001757762 
-3.080490094306601 
5.079678612244527 
3.51846164169825 
0.2115386832965312 
-2.133940652481028 
-2.65762836120358 
0.9177875983127715 
0.7207314615141968 
3.787264981605803 
1.293663203354527 
-11.20563143746359 
3.111704998925677 
-1.294735270005316 
-7.702554224524557 
-3.88891804511728 
-5.783608181411705 
1.29830323409962 
-1.774610466113228 
0.6396426353766366 
3.689811732161649 
1.1167872709389 
4.59188027237302 
5.964253463028796 
1.848642501171806 
-3.141880512294071 
-0.9249508608256582 
5.202343612606674 
-2.206298707162382 
3.637687536106854 
4.358560003814587 
-5.022072338476868 
-2.165716530037946 
-1.442211933167526 
0.305721666601935 
-6.972446274047153 
-1.854366554883909 
8.647393737996289 
4.941799038099686 
-3.213555340717957 
-5.848283745255672 
1.086980947124313 
0.4489222918013417 
-8.359763036829071 
-4.24144592502094 
1.784264009114048 
-1.55712178432632 
9.154018555693627 
11.03447579073158 
-4.305352873895596 
-4.001229954017007 
-7.885036301978358 
-7.826220697648171 
6.326584345976333 
6.805728006759939 
6.165276483502258 
3.832838505834781 
-2.593493228676699 
-2.164157265008171 
-1.516349640131324 
-0.3328188902979428 
0.2260274377162302 
-0.7669850794731861 
2.837299776486399 
4.398726650622195 
0.8589737098928328 
-1.882673157311335 
-6.083989013055097 
-3.008208628447418 
-1.22311282710549 
4.363992398299306 
5.818004226616723 
0.4723788164776061 
3.536530750894277 
2.425613402172401 
-1.373311546129386 
-8.684443507643804 
0.02755269226448055 
-3.256431617505851 
-2.47558016570009 
-0.7303621732821362 
-1.902906697697009 
3.158110336339132 
3.318759586714652 
1.982507313467569 
4.618967504256083 
-0.8637166592894824 
-5.035328600715038 
3.337417330131224 
0.2549371263186143 
-8.225018029590808 
4.62905867455119 
8.509850633634494 
-3.999120434313622 
-4.302355121459128 
-0.01501681230183207 
1.232873261116304 
3.580948511706226 
2.77969606160314 
-1.700147179931821 
2.386564553246699 
3.31162870776269 
-10.8214744427002 
-5.867304829388438 
0.7426004232523701 
-2.208292050385802 
0.597763376824489 
3.257010183435585 
4.892440470454737 
1.435715720623732 
1.391606059964936 
-1.582332169243403 
1.033933248089531 
-3.273739619261509 
-5.121815957659506 
-1.009481511845291 
12.07449111406497 
8.163323410702526 
-7.488893633860211 
1.194030837473062 
0.5154948198652838 
-2.233330657245475 
-8.765915846037229 
4.54030999912055 
4.731730933889171 
-0.3939961938200857 
1.886200570044124 
-1.22322326226272 
1.71556192748367 
-6.170869160161403 
3.766619260739481 
1.153784791336255 
-1.670251247384882 
2.711494934064415 
-3.135844179625294 
5.702602760782597 
3.366116576975787 
-6.532389235505694 
2.335673417566266 
5.436149995507384 
-9.976220979776469 
-0.5152698188722743 
2.232782974436069 
4.239470206092427 
3.537471144034843 
3.56098434466365 
-3.263878520150643 
-6.508804010640675 
-0.3018932722119912 
-2.189833274215012 
-0.8906595445622424 
1.128769557425022 
2.502285043619994 
-0.08191440103286729 
2.189577418767161 
-2.831239959256723 
2.500753389955033 
4.387141037928098 
-0.8548111156612811 
1.677815285496989 
-5.195431661898838 
-4.679571617081253 
0.8089244733831542 
-2.322122310408742 
0.1981436783922646 
2.563795766397839 
-2.445748046331492 
-5.397187066619599 
-3.666888695757341 
1.785773086428486 
-1.113183590972462 
-4.663360068134203 
0.3131346147733565 
4.865874085619081 
5.085435515597684 
8.79565402859132 
1.565861639307368 
2.057825810903661 
0.5287021471707676 
-5.006616457159603 
-1.702702280513414 
-1.261348346766869 
-2.758538309646619 
-2.838869993193922 
-4.969671579737406 
4.127347699771017 
1.113071947515559 
5.175154952295952 
0.5217485520476632 
-6.366745280710879 
3.275798728525078 
-3.540988899702907 
1.71907549734361 
-1.090475734506539 
-2.292123282369417 
4.69941954270357 
-3.194423871584592 
2.313928829595481 
3.034452125445004 
-3.708982866866894 
3.672955664118579 
1.859575010191594 
2.434128691378484 
-5.531395389886387 
3.06162381150262 
-6.607081747370564 
-6.902271978068533 
7.628652228971776 
4.407169405484222 
8.456692343893433 
-4.428371509417743 
-6.734701406454561 
0.7444784211714515 
-4.856277597978424 
-0.5958285872898461 
1.260042720713127 
3.403372819977351 
-6.802296279997702 
-1.071973601267934 
5.456755130801882 
4.323908394018551 
-0.4321937991957125 
0.1988714545823091 
-0.6735579463595399 
-1.164322984887656 
4.494675593345971 
3.594448820395918 
-1.750135953389956 
-2.759838454645101 
-0.8042199869671465 
-1.554253210343289 
0.3888164816819098 
-6.232347873553022 
-1.293796110557053 
5.166309285059426 
5.684370969154998 
1.332434642651612 
-0.5024393322330399 
