solver_type L2R_L2LOSS_SVR
nr_class 2
nr_feature 1984
bias -1
w
1.767262549248269 
-42.66714059177178 
2.654333932760566 
19.3235541721271 
5.554874888335863 
11.20486917472343 
-0.7548709623691634 
6.637499359368977 
7.151818478984947 
-2.115003389288165 
-3.51889730745251 
-3.865793758401075 
-1.333487389724034 
-0.164829156466571 
-0.504813184434686 
-0.03252013871864006 
1.251048215753723 
5.193602059340037 
0.4816031429701629 
-1.836755659525221 
0.9276853077642039 
4.490772356416624 
-4.94937998920594 
-2.323265741509611 
-0.1947033012616228 
-1.227406941164105 
2.824136565913141 
-1.686572470155424 
-5.917730354860732 
-0.6450598904912688 
1.630554828185898 
1.781526502011521 
-1.168311882671234 
-0.2084061796809087 
7.677312812215651 
0.9980555273934288 
3.316748813071903 
3.117737390014637 
0.4050240774217826 
-0.9642284739114818 
-0.3896350879447791 
0.869769860091287 
-0.3458013397647022 
-1.64247172230698 
-0.9535653070840592 
0.3343787848027757 
0.3765821694607527 
4.079622221257595 
-0.5188676965390575 
-3.268161449810425 
-3.67586418031114 
4.316046713552032 
1.784398183191554 
-8.109769062215495 
2.676385963889582 
5.658071087048115 
-0.2404867796223834 
-1.476738928401652 
-0.5717599013511123 
-0.3716434941466494 
-3.102748062752255 
3.953855129300602 
1.710517526411878 
1.297307235672554 
3.88314374119289 
-6.877119089144586 
-2.928088507488086 
1.613593292249883 
1.588648239163514 
4.539884291507273 
5.933050859431445 
9.926175484440995 
-3.474883317199153 
-8.904134967785131 
0.2497936815737949 
1.867876673741685 
0.3440295815681335 
0.4388208309762135 
-1.071919543148297 
0.02251169100060935 
0.9290939168265642 
0.6103649469756495 
-4.381723916565331 
-3.092185371555037 
-2.204622392286708 
-0.403032735991202 
1.270919917834675 
10.56658169426496 
5.699533619302918 
-4.665550069967961 
2.339129021457129 
-5.883477030644201 
0.2909741839928936 
-3.975275629769337 
-4.795883061619563 
4.426308305781268 
-1.751061996329222 
0.03468453879898584 
0.8320997160219484 
2.480350233230215 
1.282842625197969 
0.3915722716937721 
4.488182283387314 
0.7295540145293523 
3.672064716561961 
-4.998899614716242 
-0.872434866594505 
4.195262172469217 
-2.96524099404919 
-2.875617874875677 
-5.253033018589848 
2.133046204473485 
6.458205729176463 
-1.021487652566442 
-4.564685633288052 
2.034997360685792 
3.956856623476869 
-0.09467871613157035 
-2.8965719737717 
0.009330815083726003 
-0.9310243615151521 
0.5723734105908215 
2.272478935649052 
3.574550733946185 
-4.773099932817602 
-1.149673595626002 
3.167546512947469 
5.37390214246718 
2.408986607224979 
-2.923974358163435 
-1.152296497837527 
-2.688189665196487 
3.831476412013628 
1.279088784776145 
3.218697717725168 
-1.050998154464881 
-3.577941076997015 
-2.246046267695565 
-1.726742605168848 
-1.703332873693337 
0.4844630043827861 
3.232375669370688 
-4.18274974321021 
2.867800712414807 
4.113849214890867 
-4.948997408900953 
-6.031000228416256 
3.345286628336349 
2.389244866521271 
-1.761398700680481 
5.059465127194948 
5.211306613914521 
-2.167261475117908 
-0.5300582764943763 
2.151522383019964 
2.684199862797472 
-0.2470539835081417 
1.540330182038405 
2.122453982714541 
-4.770738933135839 
2.332276153347247 
-0.992164929333518 
-2.826382723169641 
-3.827792015899249 
-0.5909473644988118 
4.938758747100549 
-4.34957587569307 
-4.381932026684486 
1.686318523257781 
7.856920171847896 
-3.602273792312596 
-4.154235337350287 
4.925398377308349 
-1.152905808376614 
7.821046819413973 
3.707778470973871 
0.5085946677948614 
-2.471246478616829 
-7.353420781671139 
1.886590092497445 
2.943304104103416 
1.824822360887565 
1.567187591717491 
1.909835426727039 
0.1332597431659786 
-4.570996324867693 
-3.78753343457305 
-4.625915009077974 
-1.05077411370811 
6.356415167685808 
1.072204155396406 
-2.725909105225419 
0.1640336619603938 
1.165430192714804 
-2.051309726358072 
1.123509162905592 
3.414420648570363 
3.070734376824657 
1.70026409771159 
-3.647695557926385 
-2.739190321479714 
-2.96188971843542 
2.467016588501203 
-0.369450515751217 
-1.273022228592579 
6.387242198106931 
2.478695964508746 
-7.57340606872846 
-3.147347703638208 
2.337024338844524 
2.603156808635918 
-0.5057515139594253 
-2.241951876710711 
0.6758102630371027 
0.7395006660966176 
3.071268440072731 
4.504330912447884 
-2.901957098984473 
-2.994140863168899 
4.673178806100422 
-0.004880402745877724 
-8.870187746627602 
-2.893383168561969 
3.278437408634819 
5.147153914763362 
3.840748224579717 
-1.949768213920831 
-4.091122890965917 
-2.199925941189967 
4.492110462932913 
1.003422323837759 
-1.290176349375764 
-1.70236720181271 
1.239096373285302 
0.1891463565030163 
0.3101772717220835 
0.4469680480795161 
3.508938880018083 
1.598657596480579 
-2.707408141937948 
-10.04007922835572 
-4.121838243324131 
-0.9328111748293261 
0.01838688494868191 
8.992653720257598 
-1.524934493285621 
-4.352644406410899 
1.468329275392603 
2.120371360760086 
0.03467569316568345 
-1.922690202462646 
5.01864654435671 
3.372115125186941 
0.9490136935257293 
1.663127374911885 
1.582270735443185 
2.026402091586944 
-2.215844090077922 
5.936979586435224 
-2.0624357604118 
-3.057537414132824 
-0.2080567885929094 
3.723076711388522 
2.062703414554705 
-2.268334194574816 
-0.08038480068753869 
1.266763015198163 
1.147346451508743 
-1.523654040425182 
-2.366123900734626 
-4.471592453617914 
-5.35400158802875 
0.8313067679756864 
3.288655208599496 
4.99781865189987 
3.071295513701278 
-4.561287446380055 
0.5208289502927675 
-6.495093318356153 
-3.718926449296965 
1.636872669898159 
-0.5112583498364751 
0.5134901565239591 
-2.84873862028107 
7.116820742600741 
9.134633402768102 
-2.530219170879998 
0.6088500020285472 
2.47183917575731 
0.1155267693635642 
3.516968958241354 
1.032326082033452 
-4.760054338698045 
-1.946588175216697 
-1.574547902139788 
-2.156949006232797 
5.958565255114529 
1.961963996385713 
-5.785327668399991 
-1.552858316708933 
-1.804183253995673 
0.8512168563372815 
-1.154887607050854 
2.845294659241508 
-0.2522274878700331 
-6.341799629182688 
1.430948323314446 
-1.050635718894854 
-0.7183437917712954 
3.702174625472666 
1.048383742440933 
-1.135225965589318 
3.375778393044646 
4.407029633219171 
0.7740872124916582 
-2.279147237704322 
-2.981123586908348 
0.895427258416962 
-2.934587404889061 
-5.060988599710457 
3.478573275995106 
1.231204839278298 
-0.06324902828803639 
-0.5222326006888474 
-0.6901567455761224 
0.9323607694945715 
3.017682376975913 
-1.633481810657806 
-2.941679358330422 
2.164128057219695 
4.123930179022665 
-1.39272940431118 
-3.027939194447671 
-1.166807084907401 
-1.10638421020512 
3.147727223728488 
1.993121100253183 
1.499418326245167 
-4.162857062758102 
-1.517114251167674 
4.621771812229628 
-0.662000667919821 
1.645271257411081 
1.995520441027315 
-1.424357043950856 
0.5295696000374415 
-0.1423170398138063 
-3.811257640355753 
3.011613068705807 
4.663372984696762 
-2.646537968707443 
-0.1745974755580318 
3.639424953815406 
-0.4149300197798778 
-1.414410452921511 
-5.230592688108775 
0.0959283983071742 
-0.9877645102939353 
-8.889000280039225 
0.1238684216930654 
4.233722492348878 
1.768845672675282 
6.562482888981846 
2.198110793414223 
0.9331601856921525 
0.7720475380917449 
-5.063441965383695 
1.373029362453762 
0.413906129917926 
0.2691439404647358 
3.495284832386776 
-0.3048830338979758 
5.230815720835206 
0.06959691933009833 
2.157294630332199 
-5.529164802434615 
-2.812284322921828 
4.705192290948899 
-1.974595379743275 
-3.861336932195959 
-2.225620615984969 
5.420208026702667 
3.906016936992302 
-1.881249636906156 
-5.534784986120893 
2.333183594382445 
4.020258430303305 
-0.6220043423576489 
-1.976163049294515 
-1.735055280876286 
-1.473129199765921 
-2.166423218509599 
2.830304444415937 
4.276442714956277 
2.916973248121113 
-1.73823916474565 
0.3945899716452727 
1.874595914473462 
1.029320837516528 
0.1743414171784291 
-0.1340051722108519 
3.545079837423948 
-2.751137338054192 
-3.416654926981383 
0.18065658550833 
-0.5518317664208724 
1.582283812766485 
-2.891058003285286 
-4.255294795118184 
-3.317947266847219 
-1.591774243751737 
-0.6125231088625045 
-2.274465188116201 
7.851481805354932 
-0.11705112172966 
-0.7341250589063426 
1.634403153433444 
1.584253880004517 
5.915361746476774 
-0.662960155072981 
0.6119307481371068 
3.417820851795823 
-1.731359977954498 
-5.017004183543572 
-3.419700662457417 
2.574966756768513 
-0.3360186235737548 
-0.7537343637029972 
3.765944009980946 
2.444695298544225 
2.616687464043713 
2.950201999362521 
-0.625058260428481 
-0.8106934442907363 
-0.877850783217854 
2.245473197931198 
-2.128730892568631 
-6.858840295217162 
0.9565998664183639 
-3.74520659879445 
2.248375705234757 
1.628303167634105 
0.8240771307423758 
2.069924780886829 
2.669515531368464 
-0.2858785233979575 
-3.870890146234782 
0.8629855005458597 
0.2006187879046462 
-5.866838194861308 
-4.820760090979491 
3.613287506664815 
0.8413525632083498 
3.096077265505284 
4.809054734890449 
-1.152705023968699 
-0.09599782901477974 
2.600539657003842 
1.499987916574195 
-8.29847652158228 
0.6349786049296733 
-0.01919156747239559 
1.153025896616417 
6.456961429395521 
-1.271582590973538 
-3.016477434361567 
2.800345803093762 
4.380974069323361 
-2.182026300329301 
-2.481938687035342 
-3.063351527265826 
0.432923530804926 
-0.1479906256265022 
-2.053195702227182 
5.19193142422377 
2.683312974952628 
0.2353635690927567 
1.093167358268949 
-5.481716722780972 
-2.419554632834934 
0.6598566076284719 
-0.8571912194521512 
2.00394266311327 
2.400771845390154 
0.02506231936484423 
-0.7954704739896076 
-1.990685493119586 
-2.349568955626079 
-3.883330833982281 
-2.769046269490308 
3.879370488064249 
4.26441392635111 
0.3237866197970015 
0.04364639640623307 
0.6549117853080096 
-1.566820973440168 
4.853357603540264 
-3.525412181379652 
-0.3128984717653498 
-1.206902766288286 
-1.929179708358617 
4.115391968087151 
0.3749520476833029 
-0.07797047324842488 
3.680415799649111 
-1.197652794897841 
-4.134708321366614 
1.254327310750852 
-0.1583862146576472 
-5.743888280659752 
-0.5805156285863049 
5.018149042995625 
-0.1913717398904769 
7.402608118762395 
2.734751585942101 
-4.644919518809033 
2.33808169183565 
-1.279441337583095 
1.396618335692856 
1.033035149948023 
0.3802205898602171 
1.057917794173327 
-3.827279978638142 
-3.368865173374591 
-2.259984680475602 
1.206454500462489 
2.448044993235937 
4.310405411145823 
5.150057146273339 
-5.939955963732508 
-3.706518938116838 
10.09292082423207 
3.928924003856349 
-1.674202745760623 
1.487190132642152 
-0.8900560054185763 
-2.083776535338169 
-4.573047721660678 
-4.596689237514286 
-1.617529405989456 
-2.835758922800227 
0.204207004083184 
1.660184546725062 
1.046776251053739 
-2.433026549771196 
6.740415068528949 
2.695341832130953 
-0.2314356209863335 
-0.04205392587490341 
-2.318153563941305 
-0.05897470585419014 
2.190206867541639 
0.8754719232655354 
2.069002980763317 
-8.041424558230772e-05 
-2.086134579655335 
-1.441555163501699 
-4.613281003745784 
5.864457040699288 
2.235144531281602 
-2.637027425152429 
-2.395164031699851 
-1.209886770963209 
3.375170129603221 
2.9555516178248 
2.94489970063472 
-7.904645715979228 
2.337562172775141 
0.313470643171406 
-5.92810261790694 
2.015791406356386 
-0.01360473635642757 
2.149552306688344 
4.754737617672512 
0.1580207513733156 
6.617007876655091 
-3.063608820470427 
-5.89377278534755 
-5.571037138565239 
-5.388664338338123 
7.399774712037368 
7.763276144339311 
-0.8136882136788912 
-0.4012591712181094 
5.718427117865312 
-3.08248930813595 
-3.148140358669548 
-3.772929933833447 
-3.405497436473703 
-0.3118252084776789 
-4.220603843179022 
0.6326934007670265 
5.106296575567272 
0.7668647556319834 
-2.963719396491464 
-2.658609597847082 
4.928305357214593 
2.560692044524495 
6.138292774338829 
0.3686038764229109 
-3.376335603752875 
2.174239186183323 
-0.09923521107944816 
0.7490549104887029 
-1.199442700723162 
-2.261888926087137 
-3.321342102908177 
-1.283341072270852 
0.8547319748429131 
-1.034572222774965 
0.9071221708812826 
5.636611848335687 
-0.1748354184074523 
-2.975771316864642 
1.278966488314131 
-0.6917418086361659 
8.015949409279216 
3.507947617202358 
-1.420271413743659 
-6.431047264568096 
0.5660642642959812 
3.232675797360996 
-0.07801212408086941 
-0.3422733894012486 
-1.524087848717407 
5.184592681743134 
6.141151631502565 
2.782201670264931 
-6.383206187217319 
-7.34464752821487 
0.3903814930951896 
-0.7986929619624913 
0.5977636382112134 
4.860505456921589 
-1.155365658456283 
-0.04855659505834242 
-0.5710806851122682 
-1.776297760170276 
-3.337553435952673 
1.21876089798279 
2.685678218441297 
2.859778073969536 
-1.735317302553788 
4.334180184737177 
2.475211659613278 
-1.137888200321532 
3.48760469882162 
-5.950182454594328 
-1.095560253636031 
4.831067603878429 
2.190872118791398 
-0.1224270250958381 
-0.2146142840935581 
4.694568790283379 
-3.954785925118219 
-2.853226571560321 
3.823687152349424 
-0.3319830975137576 
-2.848411534201786 
-5.606275282391275 
1.697754719424293 
1.853252164423804 
1.190620603899544 
-3.59550980487444 
0.6234098175093453 
3.706587815294373 
2.532972338838005 
-1.114087340659436 
-2.629722453260907 
7.593280940277882 
4.905324973095053 
-0.8101154379331156 
-1.926542434539217 
-6.654471616305517 
2.431845481925943 
-0.2671125365590377 
-6.132581928242125 
6.973288147370325 
-1.009017041276906 
-4.123792456601776 
-0.3208289752789216 
-1.953547408317216 
3.367430748726717 
3.908236227890169 
-1.776196390279011 
-0.9477028057256598 
2.630753679770074 
-0.8514703270500633 
2.869714451166704 
0.1204838686092305 
-7.215382499158156 
-0.2010944403066377 
5.242820753551954 
-0.9150964535485587 
0.2097865839373739 
-3.995881306422415 
-0.5819847622266429 
2.081965128228453 
3.72664972705048 
5.2142048108566 
1.439205132244062 
-5.772296957619634 
-3.181677476943803 
1.929509521259489 
-1.689064249133148 
-0.2387166533475861 
-1.400293251445217 
6.422762198742312 
2.47863501301907 
5.322937054963895 
3.605315929693257 
-5.779989113486098 
-1.27995567828991 
-1.698892943148834 
-0.5642062912290072 
-8.432330454294847 
2.85578685901694 
1.553106769138459 
-3.321589244838127 
5.119839343027119 
3.35047112218163 
-0.4446777504158175 
0.09891061095218123 
1.453413810197527 
0.7795296309160705 
0.9180902331221098 
0.2046651185168052 
0.9439141397634849 
-5.85897728788367 
-0.01821282694160675 
-1.325566573730916 
-0.2807618600807536 
4.075929089311269 
-1.661410783167138 
1.539517366955401 
1.083413114847008 
1.188306478662124 
1.154010581635464 
2.035473646703466 
-1.407946233129853 
-3.292038880133356 
0.8488391365433616 
0.1633949345296672 
1.40680722138675 
-1.266608859695172 
-0.672678655783744 
1.400516171110199 
-1.83288709499052 
1.262521237147126 
-0.2641348273415827 
-3.45300237016384 
4.292552960730092 
5.449969419748261 
-0.3006540830966392 
-1.440863971721643 
-3.318825476754809 
-2.650089612106335 
-2.749248476954391 
0.754996522635845 
3.261239849330048 
0.9094596650184448 
-3.625358290987013 
-5.992297225632684 
-2.437625640467382 
3.901271881946741 
2.91772901920408 
-1.19424174375706 
0.1047789820310993 
-1.631300137892729 
-0.2225773061230727 
2.030183756348167 
0.2597486243685057 
1.647038847771073 
3.405709825999189 
-6.889802778011322 
-6.69491141533547 
5.585977489274969 
2.962549960012882 
-0.9751991371300008 
3.335823214688278 
4.326008252176815 
-3.794355013313013 
2.980756470981843 
-2.477293366994743 
-2.842949620780109 
4.962979509740941 
-2.209362970900075 
-0.3541249154017365 
2.271341725309641 
1.991711818058362 
2.051149108476809 
-0.2452417834122234 
-4.783234005316907 
0.6798298084442065 
-1.048563412835088 
-1.007453117799364 
1.804452424023015 
-0.0008771168631741187 
4.566202194551525 
-5.062461676338796 
-6.819466983952285 
-4.446269895207774 
0.07224595323082288 
0.2874778687977553 
-2.506194221632054 
6.429124206879926 
5.839454408480094 
-5.884142124990547 
-4.665001721468279 
4.279051109835492 
2.544527336779829 
-0.9309143529112448 
5.733415331711613 
-6.669397101925388 
-3.19552174842887 
4.810215190994905 
0.194701862907996 
-1.59746672751415 
-2.873652192906417 
4.895721618732988 
1.380210146141678 
-0.3041348807459449 
3.556464770199907 
-2.195443454168116 
1.277981180468234 
3.696942974174003 
-2.389533014064046 
-0.6390507614170149 
-2.265972305430504 
-3.186185539381745 
8.033962675669816 
5.058365184586251 
-1.319743969258596 
-3.664072303620065 
-3.430106734351992 
1.137328942462619 
2.985577110202781 
-2.504783100169958 
-2.235714001006815 
-4.664477574723443 
2.464494401249893 
3.982539997967013 
1.937792569245446 
2.623759561052715 
-2.593582412191738 
-3.692796167545003 
0.8783526664454985 
3.355550045940042 
-0.6521116332163678 
-0.5857644949890184 
-1.830041743892247 
4.413482704415344 
2.45282305254061 
-3.99785385019394 
-3.615236402695579 
-1.102237198352202 
2.244097099968629 
-5.652392575892626 
0.3542157781874578 
-1.648234171691785 
-0.1098980022135213 
9.306508229023484 
2.209063664573389 
6.332900788099853 
-2.31553708548578 
3.410913895473271 
1.608285634405872 
-6.428276643277006 
-3.40911107409354 
3.43890698437126 
7.195262699284021 
-0.5632723773500371 
-1.428085964240923 
-0.3446100413725388 
-5.704872106838389 
-0.1955288387029624 
3.661498899386457 
-2.424899935476807 
2.427000947727262 
-0.5917455701172734 
1.949521086733969 
-0.6192515226717196 
-5.220831917223055 
7.500827162027816 
5.565869022026803 
-5.568469340256926 
0.8212587055206109 
-7.295457170468777 
-6.330127125910891 
4.223328541226961 
3.513499135415737 
7.298917960582985 
-4.148606295043236 
-4.338477728983116 
0.9509483107325289 
1.149289449284078 
0.2319611399291683 
4.470447326329357 
-0.4575720768871724 
0.5960632040939348 
-0.890927705599349 
-0.4975873712530461 
2.373761319287545 
-0.2244679804455113 
1.113734221674541 
2.950548615676685 
-2.854139614984526 
-5.807552975102724 
-2.61733716800854 
-2.287114258936665 
2.730184950450437 
3.635832541666513 
0.6732326849324184 
3.546884753370525 
-5.140097665546752 
-2.804049328781999 
1.769371083237198 
4.574538005626803 
-3.479564174858077 
-1.895322224513351 
-1.183189921582011 
-4.744178756323368 
5.120199110673807 
1.293359765845636 
-3.164387667897423 
-0.6294807163640644 
1.506142394381156 
0.3796431618572469 
-1.53080045005798 
2.440733394830714 
3.646536539376388 
2.875862686007058 
-0.7396764541913763 
-4.511291365164852 
5.81191921595965 
-1.053764823737894 
-1.242946406304516 
-1.323064254573934 
2.403943765036616 
2.879647051627554 
-2.309406902952756 
-3.276083214892375 
-4.072643310170088 
-0.2976266499419992 
4.914703059801909 
-1.410952524676063 
-4.794819553744349 
-0.3090796539018883 
5.922753637089487 
1.550080700357033 
-5.531928213460972 
8.014132561087404 
2.66209758269872 
-3.118316527893211 
0.9890464842941942 
-4.284133999683392 
-1.126874332573008 
7.903088826721744 
2.924844040294993 
-1.966647717804048 
1.003471728912562 
-1.805651507329034 
-1.468103738509269 
-3.267785093487094 
1.233427299196999 
-2.329304180075434 
1.170953145157928 
2.321342294032741 
2.441663959534563 
6.233982768902531 
-2.963118544056079 
5.821451405212377 
-3.66735935431693 
-6.435872600041838 
0.3932558905872022 
1.802047532984419 
4.570775402163 
0.2683153040186728 
-1.606705907035092 
0.6386227620739001 
-5.829001711345789 
-1.699728202354726 
4.470236812982053 
4.506630163406008 
-5.119682215324902 
-3.627735931007857 
0.2396764636831533 
-0.04261162286493348 
1.167619305905253 
-0.4557284320383425 
-1.756758542643566 
-4.614737880217459 
3.113658112936981 
-0.8191260773166656 
-4.926358183871688 
2.563743764174103 
3.658483245972873 
-2.197016544493182 
-0.2062358797478869 
7.723577714091486 
1.698409230539876 
1.210788697818549 
1.557805613869648 
-6.088453402940091 
2.596766348663593 
4.786588951100122 
-3.381698289067326 
-2.534358588655808 
-0.1883442012134062 
-3.307472715584133 
4.550383515208845 
9.122319145068225 
-3.417123027152996 
-4.851001615225954 
2.448758942261586 
-3.005939178135721 
-5.961770729320619 
-0.2016288775040627 
2.775738183444969 
2.091649712174946 
6.36997268602806 
2.26388798586553 
0.1591906452967677 
-5.297809103532732 
-2.271453456000605 
7.53432276920785 
-1.837045874849847 
1.925889998094947 
0.2763767968777027 
-2.562937777435633 
-2.976586069706881 
-1.11352675681131 
2.213880318541534 
-4.612438109977912 
-1.670082539693542 
-0.3885405940390397 
5.556401400967619 
3.45787041949231 
-3.362846932426247 
-2.383431050486191 
4.788685451308091 
-1.044177598330313 
-1.331107134838418 
4.392984357897999 
-4.018651148947689 
-2.496304999384071 
0.4449849088859001 
2.738436789870205 
3.743471525867215 
-4.276260946321307 
-4.744540764778521 
3.194469677863746 
4.575003997880101 
-2.870436309415393 
-0.2333990817405 
-3.275684927805054 
-3.608081675885653 
-0.9506789105108566 
6.661608474496381 
6.206821128467081 
0.9870434846807361 
6.432980976821957 
3.357889278237094 
-0.3793428800874422 
-2.833481729008169 
-3.181895498301038 
-3.818422902360838 
1.28665708567933 
1.726779211436315 
2.563079577231677 
-1.213517074685555 
-3.273956535716793 
-1.787301344350028 
-2.168931451260173 
-0.8680419865550439 
-1.317847900904172 
3.035740630587535 
5.378723149546624 
0.9697222002499668 
0.2183252849822448 
-2.19766911595807 
4.267331147503425 
0.9816080733055982 
-8.116590411601805 
-3.015830120047733 
6.743212965056591 
-1.148816172403997 
0.51213591977656 
1.235289488785049 
0.8076217698241294 
-1.211612053827271 
-3.519207977665882 
2.269824702561061 
-5.951092678191551 
-0.6483527277646899 
-0.45012735582114 
-1.388916033264493 
5.704666380377888 
-2.359151508929068 
-0.9065392184225765 
4.094314745058489 
1.126607867624674 
1.915917791121827 
-1.026607613223854 
-8.190415596265312 
0.8726075607146804 
0.7408446959433244 
0.6552510931897975 
8.544482071705735 
0.8943170919049572 
-4.169309146992801 
-5.519763705226183 
1.236429364373332 
3.601971167692524 
1.028111513453672 
1.148958879920041 
-2.22420164172806 
-2.084701033187704 
-1.263634597616797 
0.6332581576685929 
-3.073490105854504 
-4.56277111145897 
0.9017142890941262 
4.30868064607306 
2.232408866856568 
-3.137714573142953 
1.704467105580785 
2.033430516070079 
6.079862603258448 
-0.6872379359768058 
-2.927830481403961 
1.444934145215306 
2.486378280612132 
-0.6194392457453258 
-8.027666810092308 
0.548147253488445 
7.685319862133923 
4.334281598947006 
-2.110277522058598 
-3.506564892415383 
-3.030387603549271 
-0.9288551088477693 
0.7708560881444954 
-0.6502154923100401 
-0.3189946107822714 
2.187747234869007 
-0.5732553906638843 
-2.522657805073361 
2.500206816429004 
-0.1648079263607238 
-3.548666865665251 
-2.121293176956454 
2.353438035257064 
4.869510892447001 
-3.273101223630392 
-5.62007130771827 
5.253698078765192 
-2.095315648223 
1.787893200801237 
0.4935345646563696 
-3.865055674032427 
7.111367656687057 
5.820823701698989 
4.309792120366449 
-2.438282649211683 
-5.814259745035773 
4.844640082522615 
0.5487112964933022 
-5.054389077594444 
1.942156931692418 
1.42856363945299 
1.388282747560038 
-0.5022797123296654 
0.7821591580516619 
1.646217836263973 
-0.5625621007562913 
-1.402694354076435 
-1.90114049038042 
5.845043267797919 
7.023718166801321 
-0.7765618735719141 
-2.071727460654954 
2.619147380927628 
2.492438809479883 
-0.4757453884688381 
-0.9574723965258961 
-0.8680715260659629 
-3.401615431805645 
-3.814430825779201 
4.35637669731567 
3.137978504016534 
2.63551612541553 
2.156169072610852 
-2.600897225163982 
-1.371131561014526 
-0.05393458405967702 
0.1951476181650733 
-1.529923719898449 
-6.272753863224881 
3.398797545848473 
6.171771253312287 
2.00663287125364 
0.6692780811980342 
0.5657368607430442 
-0.8926164971529539 
-6.695108308266414 
-1.440114653348452 
4.749668882023944 
0.8956094176549382 
-6.192213232038396 
-0.5955614232137297 
-1.348297417874037 
-0.1738102616448265 
-3.619166187579355 
-0.4511253132592887 
4.631194023902218 
-1.023130734530128 
5.244203875807744 
-6.722107174126665 
-5.926401375012009 
0.7504399994966879 
5.696068965537452 
4.466465308050435 
-3.681701798129707 
-6.641436407785743 
3.755729502710414 
11.33743305156419 
0.7087603149225028 
0.4419308543046961 
-1.423632074477155 
-0.10807948129087 
0.4818895704739737 
0.2474795685555664 
3.059865503699664 
-3.642114198523263 
-1.302063944247224 
0.9685568255085 
0.8665758752234931 
0.2859764020346057 
3.144572713330817 
1.691665542067291 
-0.9197812310838127 
-6.91584958571571 
-5.924968737270868 
-1.807343329134788 
-2.140849720192917 
5.25284098205467 
1.144668553476585 
-0.4873579526316101 
-6.900768097281309 
-4.427490361219657 
7.31668460991889 
3.665935338685841 
2.149159071473989 
2.470210075981354 
-2.95927707321061 
0.5032364455178108 
2.157746656764864 
0.112061193014945 
0.8490695978905118 
-2.560662075932886 
2.579640182490276 
5.381530394197539 
-5.684110723396121 
-2.728585689937061 
7.344174266914608 
0.6561630571725342 
-4.021143668795879 
0.877012893238679 
-3.395170216112227 
0.6793973877192017 
0.8580547428769075 
2.876088957545285 
-1.964928627974768 
1.388484864766757 
6.593876207222963 
-3.145583896444862 
-4.73074453320943 
-2.276602109827422 
1.538330525540182 
4.126570009009119 
1.69689323156033 
3.963940975552005 
2.451054459029576 
-11.62255666686545 
-2.952068627280019 
7.923318149433875 
1.132969437929654 
0.04652700537991362 
-1.591090287522743 
2.750296060361692 
-0.4882806599965703 
-2.166095777025343 
2.682833939262796 
-5.334151397955432 
-0.6442680820360864 
-0.26628662722918 
-0.5649999927417971 
5.93711563443766 
1.225332556056301 
-6.314144047879122 
1.754951543610781 
-1.087717163137182 
-4.473483849077289 
1.045142423159016 
2.468227178763992 
3.472887816131834 
-2.294238085232612 
-0.3285646307278267 
0.6196861832815851 
-4.53136387254946 
2.024881837236525 
6.678711401610804 
1.551196784861894 
1.993963441522661 
-3.697646231007901 
-6.994958971768008 
3.523304683856121 
-3.814739058940239 
2.246381604420839 
4.091307836989355 
-5.840191080704452 
2.943427851615246 
0.9220494955949724 
-2.461262320214355 
-1.395636371148292 
-1.270169210265086 
1.906201219869935 
1.021364825872154 
-3.376676205493972 
4.216697596974476 
-2.818076985905826 
-3.928011338051056 
3.252862831170796 
4.088786766277082 
-3.094653143695012 
-2.420528661027745 
-0.6333830972995931 
-4.044072088376388 
1.99156579397742 
-1.011827047077432 
2.05598455196342 
0.6575717818933318 
0.1522240608685143 
-0.7628691446687629 
3.012641200535874 
6.133040781416796 
-0.1026550066945097 
0.5427680108715836 
1.926894098746281 
-4.788273122875714 
-4.042232388599552 
-0.571600275688724 
-4.694623350099488 
-1.49035704034988 
4.860599001598587 
-0.3287931658293745 
1.441646860549511 
6.333338537790927 
-4.040429246481493 
-0.4533965906905658 
-0.1376126144038738 
0.7828521399442191 
2.348726356781074 
0.170121847240185 
-0.261069090077223 
2.798348400358299 
2.515877047737415 
2.61363999283008 
4.767375702787086 
1.864319881346088 
-2.240742757995062 
-9.262448754105742 
-2.794170480201758 
-2.811034141383766 
5.405568405053622 
3.353683648148495 
-0.5374422152802776 
-0.6244466987664852 
-1.433125388640099 
4.064946606716496 
3.956122674729909 
1.696352577778508 
-3.229612098185168 
1.848591765008034 
-2.787944798662667 
-4.533020434340456 
-2.736688321539988 
0.8962587993330963 
3.69330363334955 
0.4010180688026228 
4.5259559152177 
-0.6032761323144155 
-4.884685822538943 
-0.6951308646746287 
1.843323949256233 
1.507111783115517 
1.683067254873758 
-1.115789898317425 
-1.941386970241109 
-1.792604608293164 
-0.206913029034373 
5.193438078879023 
3.389895938542856 
3.081877953917342 
-3.109708662676386 
-2.875087230648605 
0.4871153862578578 
-1.721343459422009 
-2.042021203033316 
-0.4173167213597639 
-3.702346868831507 
1.227686341532266 
-1.969493518866025 
1.973336131398208 
-3.710218091114152 
1.1117846828839 
3.967687202887934 
-0.8513106068558965 
-0.2413817679932224 
-1.710121152137451 
1.133717268662591 
0.5140985093022523 
2.793543096484997 
0.2639552643255583 
1.66275139157371 
-3.867378127123918 
-0.0345040027015396 
-3.267181578913984 
-4.174027507122687 
-0.2180533825344087 
1.018676187876899 
-2.657513815696934 
0.2428695818453753 
6.157324452774887 
-1.118791352419257 
1.067777570305711 
-2.966912900906399 
-3.310295335174909 
0.4395749371595061 
1.200933891889971 
3.064395690022993 
1.190281712874449 
2.818154866333786 
-4.022167172793565 
2.681054314856587 
5.651504478797848 
-2.147948103695733 
3.844873939551534 
-0.8782366187298766 
0.3924715302815875 
1.495219302834845 
-1.288622337286261 
-3.624161003643752 
-0.5014095627933001 
0.9383804528875969 
4.696959039942955 
2.767916915612743 
1.808677145685117 
-2.951521124209982 
-6.925034094444086 
-0.01176102063531034 
-0.9220423987490228 
-0.2743060605472937 
3.251831770743678 
1.873664842393227 
-2.407263609517798 
-2.263378367528377 
-0.4147106365952666 
2.993825331335001 
-0.4927841676754384 
4.882554451092627 
4.017680994284844 
-4.287321207795466 
-6.15754656660372 
-3.867924533942755 
1.346242600970863 
3.232084559999999 
3.603999321310043 
-4.277931070933852 
3.125325956863744 
4.728185782406691 
2.799089756850305 
2.069611386615519 
-5.208051843602582 
4.308861691777619 
4.421512977641683 
-0.221088211798969 
1.027814670549292 
0.3114710549276902 
-3.020566099522838 
-3.885973197166332 
-2.697048120374389 
-0.1013374311383816 
4.935101757546644 
2.631602103450991 
1.027153417515128 
-0.511721701239815 
-1.388115798163543 
-1.230689330750734 
0.3862923039917411 
1.020811996441684 
-2.541073869919568 
-2.086407370350651 
-2.833583476600626 
-0.3127581656265707 
-2.241734422344643 
0.2510416902516199 
-0.7551420172128145 
-0.6639438271907783 
0.691801889086757 
1.193379907866726 
4.034593964563508 
4.28124496732153 
-0.3356746476389453 
0.3517351327628577 
2.490137651922418 
2.401122768523412 
2.722902023128858 
-6.541740050328958 
-3.930544055393895 
4.478772514005133 
0.06292487339645461 
-0.8455327745400162 
1.6926545602524 
7.20626297883753 
-0.4311314543888081 
-5.516519469977004 
-2.581570481120814 
2.340555036387589 
1.26057242968715 
1.602087015333898 
0.06944727350020992 
-5.194440938793335 
-3.354265215280321 
-0.2170684534700916 
6.914336288176487 
-1.74466088924996 
-5.556315219607869 
2.668170379984599 
-1.671833843984381 
-2.815500981305914 
-0.3093296756736764 
-1.12858210918277 
1.156992539072714 
1.969703116311801 
4.816414637087044 
-7.015255576378121 
4.643340040794995 
5.89436596610397 
-1.164992810819147 
-1.549167973222505 
-3.616212567780472 
-0.003131737782897282 
-0.5182878614989773 
2.161640398159488 
-0.08394840322638425 
0.7220378223742582 
1.144518159071018 
3.94746858100759 
0.1916330019568242 
-1.677963018739453 
2.052015481710769 
3.634303829730736 
2.405843390249217 
0.9742445225024235 
0.5043236462783212 
-1.68215255105341 
-4.797507307077142 
-2.804123571352376 
0.7018410737648965 
0.2862870401910131 
0.4298081900428838 
-3.328504698543245 
-1.23376608312354 
1.626651317552813 
3.106985568910387 
4.459981418025404 
2.349624768484805 
3.734315127787833 
-2.080286059022419 
-2.936949253949787 
-2.784642048672141 
0.1909716177266728 
2.966322043925537 
-1.909718500126703 
3.520842989015255 
1.079161209959697 
0.4761969503353186 
2.033342031693868 
3.393224708678099 
-0.8415082663555634 
-7.186581361151005 
-7.155987727540637 
-1.404113016332697 
3.919310830434955 
2.662768182574392 
7.49635744344077 
-1.007774881497377 
-10.52418299382656 
1.23924584816514 
-5.343895289693442 
-7.458648489102313 
6.488644353191469 
4.96415567828272 
5.433029401831276 
-1.664700697069724 
-0.752353924234091 
2.310046866602674 
-0.7392675307222052 
-3.990335831888737 
2.442915422780848 
5.829917762095754 
-4.077665163785615 
1.892006235318162 
-5.073574505768218 
-2.343798472593517 
5.637203626879897 
3.730562362361427 
2.290196919766037 
1.738504454796039 
-0.1339040236669869 
-1.252100038874102 
6.769938336978814 
-0.6013149326960682 
-4.134539780621711 
2.058209338629518 
-4.118644271833095 
0.5723574451010094 
1.658245162893853 
-4.05318550020703 
-3.645137720330514 
-2.75067595018065 
4.900014448268428 
3.735159705142065 
0.3999096450919683 
1.243571021285271 
-1.466659258344398 
2.523336082421207 
-3.969069851922256 
-5.22879196680673 
0.3145947003235399 
-3.37258409319327 
6.296904798670035 
1.771545651844085 
-1.225324966414332 
2.230266432304189 
-2.481930124331516 
-2.097773051805181 
5.037106758785907 
-0.7099286018507837 
-3.300955372268992 
2.603938936915203 
-1.943443112029784 
-3.484499082451237 
0.1670854739801846 
-3.040284317314215 
1.534251239535523 
3.651978893961881 
-2.853849290681304 
3.00629482386813 
8.932490936739722 
-0.07036162015436054 
-3.879895629473686 
4.594172475094956 
1.615199984905236 
-0.3826936407405368 
-3.597946323760947 
-7.065278294829105 
1.480579028709748 
2.613980484333772 
5.753844480036353 
4.276101204106317 
1.519172107047624 
-3.059171112037139 
-4.665764271131581 
-4.281333455519671 
-0.6130822173982076 
1.812819625662915 
-1.677864385680083 
2.610637043931821 
2.589225857337084 
-2.543684570639381 
-3.88606230037098 
-0.4402117592316935 
1.522390517999248 
3.21987712512727 
0.7987339004238995 
1.692028918406212 
0.3567924794603807 
0.8550882516234473 
4.145078971698051 
1.729952860898193 
3.011692165960606 
0.2527962666561406 
-6.416507332872461 
-5.946219319275504 
3.143190397843938 
3.431486223526377 
7.332054379705085 
-0.2147139792820879 
-0.64328751857799 
2.352320153246382 
-4.740734440600068 
-2.822002122393321 
-3.282558811064067 
-1.120200646152107 
-2.380705463731417 
-3.56387720315388 
4.441115149453227 
7.229945551385634 
3.846078223224563 
-0.3253935019548767 
-2.874850857339343 
4.394014125970506 
1.674506906834529 
-1.003734901433515 
-0.6174088659740347 
-4.23925519264044 
-0.8644055808872815 
0.2867970402204251 
-1.548067879290494 
-1.777163923317084 
-1.829814024788575 
-4.474158364286973 
-7.029576495572945 
2.856303067422227 
8.95963685631015 
5.824190930915406 
0.9904620437957331 
-0.9784748529102439 
1.682587312693796 
-0.5686535237885177 
-1.813284257362121 
1.166011363891883 
0.4652212799470601 
-2.232054983910298 
-1.587652704372418 
-1.183666673958274 
3.416524788644835 
-4.726088885671302 
-1.380555791506394 
4.924582230026767 
-1.990617417030669 
1.006554422815665 
0.8087243698138145 
0.7393681747485213 
3.780538407692455 
4.192690018209035 
3.646757934681445 
-0.09865207359232095 
-5.72933709250814 
-3.852362340608681 
2.029385179510596 
4.972859856238983 
2.734468434255485 
-0.4997880253440707 
-4.817519956554562 
1.003692939057379 
0.5235374350094365 
-7.276183326476339 
-0.5398370528548294 
-1.080392798546635 
0.8043473862627807 
-0.09017501925275416 
-1.62887513532625 
-1.860703946428653 
4.355597624266847 
3.908449300058706 
-2.235883803794036 
-0.5991196102163263 
0.9118972514328926 
3.899203578946514 
-0.4204119436162365 
1.590713239990214 
-3.628728610021323 
2.853334829739602 
2.522011575187191 
-4.022324106536388 
4.353125864689273 
0.1833455390348908 
-3.003678813777605 
-5.279081662777092 
1.606665708414436 
5.679081240355316 
-4.413341973322485 
2.538732954126911 
2.536248822171118 
-1.128015588213499 
-4.49110150883314 
2.595645984514698 
1.911017440405276 
-4.525304515287892 
4.382789947848405 
5.673001896297882 
-1.560989652530212 
-2.401139500483733 
-0.8542864759704116 
-2.117023688043686 
0.4269985274394701 
1.145699446418661 
8.076726757371816 
1.780825680489509 
-0.778346434334521 
-2.02513577430781 
1.270894672375589 
4.76278745222191 
-0.1520291823182824 
0.228589128675793 
3.126684874801309 
-0.06165531289304385 
-6.332769425994696 
-1.33693454093766 
0.6049896876543832 
2.99636589387275 
2.476583604298752 
0.657315586034343 
0.378734615749925 
1.858549142713483 
-3.227948115595861 
-1.28090947552821 
0.702719402999969 
-8.052819837699985 
-0.4885382979902463 
1.999035584015501 
7.107924085929774 
-2.377537703257193 
-1.176277369791686 
3.323439930165355 
-0.4413030637052212 
-0.1883196236174669 
-4.041656253447049 
-0.615729737306055 
0.444813611871523 
0.1115543944038438 
-0.1146223290030953 
-0.4373090505806049 
1.645682950228902 
1.465410372813894 
0.6298931559222258 
0.3638718212640102 
0.03136353826397877 
2.774566342484234 
3.657213759661406 
0.02898992033254442 
-3.071658223529421 
1.009511261887104 
2.128365440614181 
-4.991566669681659 
-1.965464349079578 
1.923409582882756 
-5.04762394804587 
3.243321211719313 
4.947918909394983 
4.852119384879527 
-0.03518458885187239 
-2.933867462236678 
-2.423454453054283 
-1.4873109081569 
-1.780492616939344 
1.147500048878398 
1.544049077788747 
-0.2749100001036413 
0.5718711100780154 
0.3135391269842241 
0.4522987593615467 
4.234504245403268 
-1.209653602391914 
-4.246479232409345 
2.309816398960153 
3.103247235715983 
1.008721977070623 
-2.424968899495767 
-0.5316664945482974 
-3.771832464820343 
0.7413619209264554 
1.670764568749186 
1.181527715564069 
0.5805498063347379 
-0.7454798139486406 
-0.6824202927831804 
1.230690046369719 
2.563751178835554 
-0.5376401270922828 
3.489544335820983 
4.039809036122385 
-2.709424478494836 
0.6114506336581997 
3.981941207210463 
3.378267064050704 
-3.749337339071979 
0.2045947959128639 
0.8922337532595243 
-4.859907065442561 
-3.586073645084767 
-3.543841272512146 
-1.550848960117037 
4.996871805637256 
0.5504629171549084 
-1.972175599461182 
5.403526567420596 
-2.905381852578476 
1.586799868960776 
0.8279806225568701 
-2.859488762105285 
5.587352295916794 
-2.703877276290657 
-6.475812041647995 
-1.841156640208369 
1.643508256944131 
6.120197637363624 
1.817155108113213 
-3.164298866243346 
3.440714550191398 
-3.379851269207143 
-4.750168809088771 
2.728289127634139 
1.649877384542716 
2.195307445814862 
1.21280405699309 
-1.76335534616961 
-2.551971646106541 
-2.926444245667176 
6.689488488716993 
7.574281895359311 
-3.595577643250335 
-5.162023771259108 
0.3058999031923818 
-0.9798522142734113 
-7.188404146920748 
3.976289566840602 
7.47368868671314 
0.3770118180069564 
2.89891876273835 
2.087866293402618 
2.44384771881385 
-4.682957750374428 
-0.2595029670332893 
5.755006779562974 
-1.314066953346569 
-3.433511723671612 
3.632087761475206 
-2.729971453851825 
1.233691571063527 
2.589621476371344 
-3.16988713519898 
1.414072667121437 
-1.936996622846821 
-2.484879594177501 
1.908353094372859 
1.118781304997717 
-5.166947903593848 
-1.795481607237122 
0.5403055162028132 
5.490159742590138 
4.774806082732559 
-0.8062098216504395 
-1.396352879032772 
-0.5656500590826653 
-7.147784532146104 
-1.91382233829855 
2.865341060976458 
-0.1156637765735075 
0.8403153875986011 
1.284985714966594 
4.841304319924205 
1.081704962679718 
2.988054621347419 
-0.4949852179454202 
-3.363107552773019 
6.404121503842655 
-1.140169962950382 
0.2157499913242146 
7.662907650646914 
-2.038081092435714 
-2.001642422412766 
-3.963246964329727 
-2.840953516077516 
-5.223023958185133 
-1.967050992973134 
5.77809297102676 
4.274180853482477 
1.947560297611376 
2.270543003430109 
