solver_type L2R_L2LOSS_SVR
nr_class 2
nr_feature 1984
bias -1
w
154.2370123513554 
-45.92871668594968 
2.554156805533043 
21.79427050413278 
6.555555813837683 
11.73163846494811 
-1.312267146713344 
7.085604698138999 
8.079025537284673 
-2.655269492925671 
-4.25038667849319 
-4.521902556373083 
-1.416845839494212 
0.04344516728436915 
-0.3520350918573995 
-0.3580327632613091 
1.199296631398844 
5.907419299138707 
0.3931926216093907 
-2.435007192438113 
1.426900038219787 
5.174060597035818 
-5.643236012093773 
-2.73685834026147 
-0.1138938624948501 
-1.187382943314231 
3.459370036557005 
-1.752318532614668 
-6.928795693652191 
-0.7470200621326042 
2.073817908632094 
1.936516346206427 
-1.596703696825862 
-0.3317448093599135 
8.439793605505558 
1.050350859496456 
3.426188694889975 
3.288205289221433 
0.1235110541977283 
-1.280961080976073 
-0.3569105710246257 
1.218357171579964 
-0.3216873891218768 
-2.098007434172517 
-1.073669921419158 
0.3212918351943981 
0.5990577127466603 
4.519843662708253 
-0.4324447235911092 
-4.021621417228654 
-4.18688494341874 
5.309794807986439 
1.934186350894705 
-9.444244648697989 
2.982565629621933 
7.071266968620585 
-0.2908846143644012 
-2.124357673943658 
-0.6756628096963802 
-0.5298703499591395 
-3.499914287000167 
4.443094158533484 
2.104275973817423 
1.674051380022192 
4.423462839235534 
-8.041029666858158 
-3.755201048194475 
1.650929473939404 
1.681771681860491 
4.851216588003203 
6.808944469423313 
11.23236722845597 
-4.069762695299679 
-10.59652552842347 
0.171405351933497 
2.340596775191811 
0.450810871059032 
0.6244563325571086 
-1.137518459007206 
0.0061496291774917 
1.280474184855913 
0.7469734083571029 
-4.929665235265367 
-3.691290543749457 
-2.62100449816013 
-0.7622674172304507 
1.558917799308876 
12.15763396107676 
6.56877337475153 
-5.064122326965907 
2.129115795931285 
-6.555457041023459 
0.203111730834326 
-4.435050809492548 
-5.465775655589121 
5.123627959177036 
-1.537742098425795 
-0.243609461308188 
0.9754450029115053 
2.688680981885065 
1.063517416262554 
0.4622047747539746 
4.965803839128102 
0.9586156126971905 
3.884828058370457 
-5.735176752043033 
-0.9750680053876992 
5.029062432275333 
-3.139046634159836 
-3.642710048480188 
-5.973353204260113 
2.751667190986206 
7.573512409956692 
-1.341922749394005 
-5.42780458805953 
2.129198961241801 
4.543980000783978 
-0.2192075004943804 
-3.261931805863631 
-0.04473503347752607 
-1.227572772198942 
0.6314516925871388 
2.756073505750478 
4.001123577411776 
-5.561801710374434 
-1.795969997726795 
3.728492036955644 
6.232685309815806 
2.574134358904318 
-3.383876104703766 
-1.584011356886437 
-3.019481690526082 
4.301899136448932 
1.700680118633466 
3.760547897112563 
-0.9539702006615384 
-4.259098343416619 
-2.619223362708323 
-1.911306167449758 
-1.852085775562607 
1.009296022444696 
3.565247111525291 
-4.71275805370762 
3.316262086629416 
4.909563120917021 
-5.799551481265982 
-7.163649288673295 
3.912613185648024 
2.804077279855973 
-2.319199034261108 
5.653879343974031 
5.889009786410945 
-2.689745007789177 
-0.9054758304402076 
2.399168466936142 
2.851450711612129 
-0.5232204728739008 
1.812969655850568 
2.222352269828285 
-5.264004005967679 
2.739176098028875 
-0.9307457967221182 
-3.267001485377165 
-4.32269338223783 
-0.3824455076546057 
5.790077150655896 
-4.891974922544417 
-5.408058218700596 
2.221355137314601 
9.269191259470684 
-4.404069222128106 
-5.047804516306106 
5.355165780942582 
-1.068357782373681 
8.734958504426684 
4.360355226287482 
0.5029746374331289 
-3.202549848257733 
-8.536032052909153 
1.998711802108921 
3.645931921663554 
2.081518032105611 
1.708779169397434 
2.232535190038367 
0.1660963920466134 
-5.111709615568949 
-4.354680431117729 
-5.446038725925941 
-1.061262673501064 
7.622348600439588 
1.460211031144518 
-3.269217565280823 
0.08402640941732641 
1.184861847124485 
-2.445238921514919 
1.135373199219239 
3.868261248198751 
3.651933512405104 
1.926519417443714 
-4.200823873777988 
-3.469470614517239 
-3.099923059409376 
2.832038805868719 
-0.4331230814906148 
-1.365909582103809 
7.452158362708333 
3.090756832711777 
-9.003276819856803 
-3.828729854963408 
2.969193058010322 
3.145819749748108 
-0.7162777349065667 
-2.729789331749074 
0.628335054004871 
0.7155171841821784 
3.484942038269078 
5.270977381705707 
-3.380125249710825 
-3.626598884227576 
5.614504143191992 
0.1838212081450633 
-10.38774554275069 
-3.623718170742557 
4.088644924033598 
6.213598152679276 
4.409431387706126 
-2.260892460755269 
-4.975135803127866 
-2.587035675028188 
5.103933933395484 
1.491826999043619 
-1.505425874974144 
-2.064796123700964 
1.229053429459159 
0.2104863017201963 
0.2076176149447105 
0.7687468594869941 
4.147996053839547 
2.237194712428949 
-3.17710570734807 
-11.60296868755581 
-4.700194895218002 
-0.9840897485407711 
0.5720702615459263 
10.46069818437667 
-1.854109000421617 
-5.348752547134676 
1.589715736886061 
2.478199034884626 
-0.1480542830435405 
-2.302551919477532 
5.58584287858934 
3.770694108509484 
0.6938829229302206 
1.543289898691354 
1.763211554685156 
1.933298599011118 
-2.386542515022004 
6.653787367802484 
-2.0563051478573 
-3.829192777964122 
-0.3840449297726928 
4.478424683819903 
2.393840156730369 
-2.747513382413438 
-0.2471768918948082 
1.66618098552646 
1.549054442004261 
-1.613654916903029 
-2.623489260484666 
-5.175651796125359 
-6.34992997689535 
1.03263982849861 
4.02875725049529 
5.85492604666497 
3.476044321989975 
-5.08704819930771 
0.3908710592184028 
-7.391315300056286 
-4.319556394523272 
2.108727996663041 
-0.298934969058845 
0.2947530306102791 
-3.37290870439596 
8.093927352848187 
10.25586295788213 
-3.206037162723625 
0.3624160193753254 
2.569674537997832 
0.1506370652273201 
4.233524308763374 
1.226332085159338 
-5.66929608762148 
-2.17354135222791 
-1.742439062316169 
-2.330107938472792 
7.131503577622339 
2.219950927169859 
-6.65437649854819 
-1.933594952061877 
-1.890600181233678 
0.9324735406903552 
-1.014692984074791 
3.557361148906872 
-0.4049199825348207 
-7.236398343788489 
1.61297365288848 
-1.111467290707496 
-0.9631047221786666 
4.230692076167982 
1.12572164674709 
-1.471600025897453 
3.858572754676182 
4.994888548128627 
0.9346464983856986 
-2.776129864565292 
-3.508061667213357 
1.278452287787348 
-3.326381065610305 
-5.715286413531255 
4.114173637267916 
1.541456127863083 
-0.1732292431785892 
-0.54734226048915 
-0.7853388824437378 
1.131578016232111 
3.226582737625277 
-2.006212669394623 
-3.470450967564282 
2.639146382631614 
4.9400361832417 
-1.618538705556761 
-3.717416994245228 
-1.6591352832017 
-1.160800478626999 
3.769247654427542 
2.603983684318926 
1.555247706406885 
-5.063870206286756 
-1.920864035429617 
5.368531767048478 
-0.7387732983077139 
1.946374801086023 
2.345947813245824 
-1.896533827359057 
0.6874921348178411 
-0.2674086536990209 
-4.493423350511637 
3.398832070790401 
5.458770100401416 
-3.296654476383299 
-0.3491050943080272 
4.330717188070591 
-0.2960784761605168 
-1.586564508942373 
-5.622388842921274 
0.223363661278745 
-1.025369066625453 
-10.19556326125513 
0.005852276557857076 
4.923868193354527 
2.030046389938724 
7.266530994764206 
2.443348874077676 
0.9257647074731058 
0.45798295672058 
-5.929317288458028 
1.52719816244802 
0.6072417040705308 
0.229251777296867 
3.721242055032435 
-0.5224347979332502 
5.632681584334892 
0.5794320530980407 
2.12101214834401 
-6.355701563483008 
-3.11040595819464 
5.533602126741743 
-2.179891703967377 
-4.736565920059669 
-2.523507384419065 
6.481496221392641 
4.592331422414555 
-2.420560240504825 
-6.321124552951687 
2.63859919027306 
4.942543098397527 
-0.6877115598563913 
-2.589620777354319 
-1.990451412220363 
-1.806736491725742 
-2.552826656519199 
3.219804891897628 
4.986427503222957 
3.094824819085721 
-2.105255560125217 
0.2409813301171486 
2.089174534652982 
1.260425640278399 
-0.005696607634705825 
0.01178388832490356 
4.205314418999981 
-3.128770642916019 
-4.090671454195777 
0.3416168705942209 
-0.4415947060631826 
1.959129949570169 
-2.907877207060933 
-4.925337634724962 
-3.731741386383343 
-1.645554260531071 
-1.039701018864218 
-2.336027150532785 
9.028376423746581 
-0.04156481609461387 
-1.122958214989648 
1.558497870718971 
1.737401107034895 
6.621252254263498 
-0.97968384119889 
0.645437883000441 
4.005934851442667 
-2.053369425891756 
-5.955772098604979 
-3.930209643104568 
3.003414747030617 
-0.2204860949098011 
-0.8518083959986451 
4.169643731694628 
2.627120046723128 
2.766090520888327 
3.3693943660387 
-0.7435842623678907 
-1.189907946384718 
-0.8185567866951826 
2.888865369604172 
-2.42839468162134 
-7.67077857799189 
0.815644542429187 
-4.05628554244357 
2.522709007039572 
1.980527407531444 
0.828768007968503 
2.456138200754663 
3.186710266042824 
-0.4714644258790787 
-4.479690336325404 
1.054882789878512 
0.4885547524252382 
-6.789494287663067 
-5.491360498197341 
4.239805578069454 
1.02184280675485 
3.503502086617245 
5.341176036857633 
-1.317901393183499 
-0.1725539475661351 
3.140888642549748 
1.328223757427992 
-9.687547207591361 
0.5272886219057852 
0.1123065299823895 
1.489271556356281 
7.532155155050161 
-1.522384550084349 
-3.987019842366946 
3.213014196290181 
5.179786916801365 
-2.504344962577867 
-3.025824455925502 
-3.321898355712487 
0.454909197087576 
-0.1947676853835678 
-2.220319897614185 
5.872034985080369 
3.251107775051477 
0.3854431934861141 
1.094149719815902 
-6.257503285849777 
-2.867209445973359 
0.7209474291110909 
-0.9046836009854792 
2.465650433570484 
3.017606653801177 
0.1178126045918587 
-1.117385512134136 
-2.227127034560462 
-2.576958688351111 
-4.590226822321701 
-3.058943457399003 
4.366329485699778 
4.922096484850749 
0.4766444565041758 
-0.07164979391924314 
0.287593774447179 
-1.545964706229343 
5.479023659566377 
-3.976781333147809 
-0.5962562811310134 
-1.41470367268878 
-2.089069109603718 
4.867647512887443 
0.41687191409682 
-0.1634311509969069 
4.407704300623053 
-1.402442622472986 
-4.716290248319567 
1.524446870488226 
-0.3152795647504021 
-6.786997981797197 
-0.6537044956697762 
5.703160259171825 
0.04118025657299915 
8.311537537748848 
2.886915486556147 
-5.373032368353956 
2.367945297956405 
-1.496310861594309 
1.517326127856739 
1.120532540404841 
0.5041440698596958 
1.218176125835603 
-4.338784404583284 
-3.755812357944048 
-2.632414696163495 
1.322804321329088 
2.907499957970146 
4.961105017777033 
5.850225977371211 
-7.201319528194034 
-4.712266092966863 
11.5341398628199 
4.509461456561814 
-2.123666868643467 
1.653300377617353 
-0.9581653068204303 
-2.288015318145386 
-5.098943005855635 
-5.046844537137595 
-1.595655691304154 
-3.052480916096902 
0.4356122419068495 
2.134232278860841 
0.8019527664893775 
-2.864627623931956 
7.564649558609165 
3.225366344738636 
-0.4367519456930964 
-0.2005380473288188 
-2.81292099738055 
-0.1946136001512939 
2.597228888475835 
1.138883382917008 
2.235615677939673 
-0.01251287347649186 
-2.338293167237626 
-1.846594327111578 
-5.015448295883593 
6.675269651557296 
2.773217527619153 
-3.264456361020065 
-3.126924562769769 
-1.371569258830877 
3.890460113164701 
3.807084689927605 
3.094944418414357 
-9.034121592100504 
2.643797175160095 
0.4466080383104236 
-6.767327268893474 
2.078463450261669 
-0.1042759558505021 
2.43237005749837 
5.20802050991322 
0.4796335406830003 
7.530719584810855 
-3.291294582898782 
-6.917533129826785 
-6.656637161594913 
-6.076098301404199 
8.621766386549423 
9.253450191268424 
-1.303828866294951 
-0.737067305705783 
6.562796157466693 
-3.105285078157566 
-3.59839131372175 
-4.276321063331276 
-3.655230767258168 
-0.3704508647005692 
-4.811967867860448 
0.8750962692828511 
5.997360988114407 
1.02506741424086 
-3.776323768668338 
-3.365883751172449 
5.346756184413835 
3.069023463849625 
6.942214835464457 
0.1701320558186464 
-4.148368843104561 
2.498462836081361 
0.1650305704444694 
0.8595477368411897 
-1.283738084486242 
-2.495402616132125 
-3.696918221775581 
-1.452628227440715 
0.9806827377851109 
-1.159665821465689 
1.064096861809548 
6.422668857307347 
-0.3730641924283188 
-3.789157466921816 
0.9681980454991017 
-0.6466187234082924 
9.258869795448488 
4.353467344435295 
-1.979914609847118 
-7.570283139959797 
0.5960163433946678 
3.84797760635963 
-0.1505941669596002 
-0.805657340361175 
-1.868023970172923 
5.83224955395934 
7.329434865794465 
3.112686054289442 
-7.603916620324888 
-8.442113167938144 
0.560216173146354 
-0.7550686009876695 
0.7974743439402112 
5.549182484224293 
-1.238184281018824 
-0.285314839713495 
-0.4751540507380284 
-2.087579754608974 
-3.867132265643721 
1.235015577963414 
3.152805399610872 
3.132671629858763 
-2.048319492472626 
4.788135279386339 
2.828007728034472 
-1.20210629065632 
3.621615921606681 
-7.107874898008705 
-1.535525141501833 
5.721473021131375 
2.602819219579482 
-0.3718295373405139 
-0.2328327400299568 
5.293238312295371 
-4.40570645991864 
-3.20616518661252 
4.495297431206798 
-0.09432064132420589 
-3.340470326017757 
-6.286855587183104 
1.744194935217044 
2.382567587574497 
1.203934935206564 
-4.265728542651034 
0.533708602427977 
4.409568038178412 
3.050779920785479 
-1.740045796532379 
-3.196972309280564 
8.733110945475209 
5.786906442765296 
-0.952385095437141 
-2.566358652761151 
-7.512504552391738 
2.894440418519496 
-0.481429053609124 
-6.746422768287236 
8.15989427488817 
-1.108211832138213 
-4.911149528325583 
-0.4864775824674575 
-2.228936842270604 
3.912260234452492 
4.612941933150975 
-2.17936719875841 
-1.193981354655339 
2.961109201200616 
-0.8209316610033717 
3.313835231658835 
0.1431826947609343 
-8.413281615092941 
-0.3311878973763261 
6.238692033474884 
-0.7176794983309627 
-0.1020291170287196 
-4.706021884907733 
-0.9022937138525892 
2.495017228625792 
4.332194092833999 
6.086701588724456 
1.747843596729701 
-6.784609312576793 
-3.835063510960137 
2.121632354712182 
-1.772956122927618 
-0.6495551775372813 
-1.588334467119718 
7.027614052584558 
2.777742366425225 
6.045236935082965 
3.952324643946213 
-6.577156638580727 
-1.577551627108868 
-1.511033802050178 
-0.8432678321172021 
-9.378619217544077 
3.420615354038183 
1.783745789619761 
-3.971168736685994 
5.73408656851366 
3.846412046556664 
-0.6569483851538894 
0.04691103812380003 
1.609673835321296 
0.7720563324297405 
1.012793176884642 
0.4671658745228633 
0.9081399953424383 
-6.690303847299314 
-0.1517006366943751 
-1.319632998619851 
-0.1538835721130732 
4.705185186623417 
-1.775479248797314 
1.491573451932611 
1.094081414986924 
1.309124584456387 
1.401963656562514 
2.274002436663257 
-1.713021746802539 
-3.999994487663006 
0.9437346844948986 
0.4760757904775212 
1.535571534321206 
-1.385300423075408 
-0.7996449229923911 
1.349336243838054 
-1.93514611438414 
1.659414434011683 
-0.2877897738055442 
-4.044571009556496 
4.672171865466937 
6.362520576129501 
-0.2646678796325408 
-1.806252514077168 
-3.623784457127238 
-3.205432325297022 
-3.169812742160805 
1.21499337390151 
4.014897121468331 
1.183877643890942 
-4.252381428528732 
-7.050037906423083 
-2.710272087455333 
4.767115626931514 
3.544794898689161 
-1.333982564297938 
-0.04611439000583708 
-2.023277157940744 
-0.1885826720671583 
2.327524539369818 
0.2241850352557339 
2.125945816454037 
3.866598350090336 
-8.269300702011273 
-7.786115180629005 
6.489304661079494 
3.53777956738486 
-1.343341366190586 
3.871511732462023 
4.805830547610251 
-4.36364459597887 
3.290363263905711 
-2.839169235924197 
-3.302404858017499 
5.694223123890696 
-2.589068119666541 
-0.5670674241519621 
2.678523104728631 
2.328038646974164 
2.409130344688929 
-0.4775968185324472 
-5.487981609410332 
0.6657770962835892 
-1.15361207235592 
-1.041961223436272 
2.066260564906203 
0.3790967257312773 
5.396439569778341 
-5.595146728351675 
-8.029709460275134 
-4.900373214956374 
0.3415884069829589 
0.4870656447928154 
-2.820075096685485 
7.512134640348025 
6.951095984453191 
-7.055777802559517 
-5.708664515627802 
4.928524457985407 
2.714709738529727 
-0.7763776225045151 
6.431343957811545 
-7.670796278827696 
-3.837618459249136 
5.607175560591601 
0.4895044406033263 
-2.237047504709233 
-3.36572702617731 
5.511421108753638 
1.611573240581015 
-0.2849815202939718 
3.87581733404731 
-2.541285633910174 
1.37445091599451 
4.258259456810072 
-2.678686004232762 
-1.067895953880978 
-2.988510530053375 
-3.582358990832083 
9.148237955354004 
6.120659156511397 
-1.496777908506515 
-4.446405523269171 
-4.027869754910408 
1.530696173344199 
3.647866770254955 
-2.673691004179778 
-2.801638250191224 
-5.34508584925607 
2.802750214311942 
4.687081354943393 
2.394630667683752 
2.892068968689792 
-3.204136339210023 
-4.511351460290644 
1.157659658577831 
3.931223217647134 
-0.5845253689528215 
-0.8672612440916221 
-2.144354708668416 
5.089286903666493 
2.949638002011673 
-4.567090152705203 
-4.159657185725354 
-0.9003855250621802 
2.45029149582043 
-6.362018476467467 
0.3180262880134312 
-2.03093257954355 
-0.1957829539588552 
10.30011223551148 
2.851915517274862 
6.702927140238102 
-2.686064475582124 
3.759581777745212 
1.687451074452033 
-7.705278847507976 
-4.348468798203358 
4.07032168893008 
8.454309531621565 
-0.603226666577055 
-1.643660841188537 
-0.3574825348420581 
-6.660374250140303 
-0.1537630790325025 
4.319730945988225 
-2.617727380664667 
2.582491627778342 
-0.5611603773914819 
2.121642460731215 
-1.08114355612143 
-6.154850320976953 
8.89839713554194 
6.667935591125834 
-6.089668115982137 
0.8436312631865331 
-8.564577453089772 
-7.342625967104359 
4.955904637920979 
4.506686354085025 
8.172242243183854 
-4.764927949846084 
-5.378593808025136 
0.9291922257023045 
1.145789827786487 
0.3049028757304915 
5.119575246073084 
-0.3089597395102196 
0.5045265359486562 
-1.118989109835129 
-0.5385839953462837 
2.604166196082881 
-0.3398304826279884 
1.267901728427269 
3.581396132210457 
-3.24166798026458 
-6.748222329905785 
-2.993382873253296 
-2.536240171608134 
3.324576177336553 
4.06476206953888 
1.038718136700385 
3.956051422857072 
-6.000147719933418 
-3.582267571805239 
2.330437425069431 
5.529447943636264 
-3.716478865337631 
-2.196358980900154 
-1.449123499771334 
-5.434167888334538 
5.858928774340078 
1.833529204970435 
-3.722646283794242 
-0.8428754439297194 
1.845495175806826 
0.3663038191357204 
-2.047931290504138 
2.657515424018748 
4.092339771033204 
3.295534676687256 
-1.179421694840157 
-5.131122490923441 
6.41369822752606 
-1.113371509098306 
-1.596112729262426 
-1.467792763528022 
2.838334996718193 
3.578280741193581 
-2.399995162538525 
-3.862267830196087 
-4.751282298227988 
-0.07475449724110826 
5.762912771234823 
-1.652649024186119 
-5.67320319805858 
-0.4191013666488027 
7.032545786500252 
1.565326432342193 
-6.506360165423353 
8.981457327328156 
3.275849812668448 
-3.631959396472034 
0.7461443240518181 
-5.27452573156503 
-1.410037807255671 
9.243349940907137 
3.439002638046602 
-2.337022162393695 
1.083980869193092 
-1.873319777919787 
-1.809628780692573 
-3.671534038147908 
1.377472879266789 
-2.698956178574239 
0.9896042469417741 
2.493755352884672 
2.852535652260099 
6.92451099400476 
-3.000547188163508 
6.38700810728935 
-4.051006022224381 
-7.900338872541802 
0.2177703791653239 
2.442737443974339 
5.302504034052726 
0.4863210066372414 
-1.791089048809922 
0.7223688476982509 
-6.781257621853157 
-2.106168238843703 
5.643197189437148 
5.199415407574775 
-5.882731884482382 
-4.295688905756866 
0.2376239397983174 
0.2118937506556549 
1.54834404618909 
-0.2321299660307649 
-2.201496133835503 
-5.214958339800732 
3.710898649686258 
-0.7611154297334385 
-5.734216955745586 
2.770213700625029 
4.14472019898654 
-2.840271922327932 
-0.4010248982375422 
8.763994181770586 
1.981082736891632 
1.375790743935244 
1.448301980276694 
-7.171235566691859 
3.007702849376208 
5.782931023032151 
-3.806633733729949 
-3.007158747166458 
-0.4877358724055301 
-4.04716589854733 
5.281136069246418 
10.64676580083949 
-3.963590553342548 
-5.762383739582829 
2.872070606125321 
-3.275337526427753 
-6.806207471913026 
-0.3266003954237988 
3.016660051417645 
2.526726347872401 
7.110655640764879 
2.644605856416181 
0.0319195042927551 
-6.301780890696748 
-2.449788019957473 
8.577587203067724 
-1.927395766160675 
1.91533926467454 
0.4798190628678639 
-3.139895113577259 
-3.518759324105513 
-0.7767114963990702 
2.67495989096293 
-5.254130898181796 
-2.284870006946095 
-0.2666452253552327 
6.319332209580995 
4.104810866204603 
-4.095229544053629 
-2.879986802724381 
5.61405990185773 
-1.397474082874847 
-1.443412062902266 
5.242038227101434 
-4.590830063008802 
-2.964291985724139 
0.5727992236984102 
3.205715278588786 
4.502232215799599 
-5.05288549973761 
-5.770662701774344 
3.965164128109472 
5.361317760371105 
-3.034650644253936 
-0.3674031324142789 
-3.751513567027764 
-4.538716932265322 
-1.29855942687328 
7.531803061384415 
6.832242350707038 
0.917917458505269 
7.056703069362954 
3.945778377719048 
-0.3612338731354097 
-3.410320328823697 
-4.108171092179995 
-4.215623252922884 
1.61259603643251 
2.232764999413035 
2.97017617455933 
-1.278547703825173 
-3.521931973987812 
-2.117885919152919 
-2.382325008799205 
-0.9746136136571431 
-1.531957683973736 
3.719052480728711 
6.028425270872466 
0.994789281686272 
-0.1159734126279327 
-2.577551696906196 
4.925906822547907 
1.127610849781267 
-9.614249123994261 
-3.289829181672325 
7.724021416875244 
-1.180755584193765 
0.4836367148094768 
1.700393132874461 
1.09751631676096 
-1.496720311039541 
-3.895125701108954 
2.414726254660941 
-6.453656334575075 
-0.6824697774070514 
-0.5158569851006941 
-1.568911447817454 
6.414979497900132 
-2.740106122837763 
-1.248993971942736 
4.665205508783361 
1.575542469378248 
2.398378379329706 
-1.450646390999361 
-9.518451911894887 
0.922635616660085 
0.8917118156898891 
0.8024468858718365 
9.81972017379579 
1.239022822937954 
-5.214935080546928 
-6.48726195322392 
1.548198039088167 
4.348303359165357 
1.455108962709824 
1.314673083706709 
-2.560538934966321 
-2.559440314920933 
-1.378050907909744 
0.9783756476461178 
-3.488693727662455 
-5.316100881286169 
1.046908509261725 
5.179110048657808 
2.430855251463025 
-3.70119115730426 
1.549716465645163 
2.460973570234802 
6.813596391450012 
-1.031022001595941 
-3.561995793235096 
1.718684103617669 
3.215410257672275 
-0.9164756433119413 
-9.552485677536584 
0.4097621419355846 
9.206068224401196 
5.250689255342197 
-2.489990538108064 
-4.034336490744598 
-3.377242287540747 
-1.035706263988222 
0.8103808657406466 
-0.646714767735465 
-0.1564749120031455 
2.476078260006562 
-0.7330495938361538 
-2.828345183168251 
2.823926772874922 
-0.1112484983297161 
-4.144175339867411 
-2.45648032267692 
2.910508678319422 
5.765455485357878 
-3.986720080121912 
-6.643156497989289 
5.880872524201821 
-2.155277716542283 
1.92173890199609 
0.3123956711247823 
-4.770218910202855 
7.915182358965605 
7.067879360112617 
4.975469250683242 
-3.150385111304661 
-6.823529378868786 
5.661571899506839 
0.6039043202514206 
-5.863157674893485 
2.049870911491602 
1.890533005293408 
1.53417572533123 
-0.7913314625717316 
0.7662597160152893 
1.734445864635698 
-0.6347400434263887 
-1.97455971436974 
-2.320648920403441 
6.61886605959076 
8.021894706805744 
-1.058457022904949 
-2.719927533141916 
2.74988294184519 
2.875590915597554 
-0.4158969857011792 
-0.985126401524015 
-0.9914228534975661 
-4.134467293242233 
-4.461265048211049 
4.849769091289596 
3.780540139151057 
3.09487026678323 
2.473520200440525 
-3.008670335276173 
-1.600906127272056 
0.0207331758994547 
0.2458135996762952 
-1.931404110579246 
-7.349354339587639 
3.695696874522374 
7.307761558757234 
2.467648649039895 
0.6994819877609544 
0.5680610650984658 
-1.135812324493825 
-7.588754023253864 
-1.582028490608352 
5.758630600292292 
1.211180932759675 
-7.036915868366109 
-0.8026017990922988 
-1.219347374974503 
-0.1705052016306021 
-3.987210608038805 
-0.4230151191733355 
4.960517450433599 
-0.773447083407953 
6.076310397558006 
-7.655029783128917 
-7.137465299357912 
0.9472478041539594 
6.756556475630276 
5.337205558081475 
-4.634784792601492 
-8.182958441914902 
4.234845038639661 
13.00356696015487 
1.075335142617717 
0.1833432220460877 
-1.88593437641874 
-0.3250392446114094 
0.4659183857736564 
0.493895322002554 
3.340204614728444 
-4.271266864126829 
-1.774186023795709 
1.086435613543854 
0.8913553798819456 
0.5001996530321838 
3.88289879299146 
2.273349390009081 
-1.066522810424561 
-7.795557848179183 
-6.791064083477687 
-2.042045479686291 
-1.973929481143982 
6.097391166725491 
1.83259732399052 
-0.5524397618522704 
-8.17327029244958 
-5.367172717099821 
8.504846096971583 
4.411881661077024 
2.225325845596401 
2.651646113794121 
-3.549580903715548 
0.2861821327776327 
2.457258898367232 
0.2138901417050035 
0.7329582776579137 
-3.005392722898766 
3.090475482209938 
6.093476368372718 
-6.785422729545693 
-3.27564427909566 
8.834499761577046 
0.9432203675672587 
-4.650402949423887 
0.7110444644811825 
-3.781718079427371 
0.6386790319688567 
1.119878986449288 
3.091351817341441 
-2.407151411823784 
1.644870521097718 
7.706567518317982 
-3.595106414574476 
-5.767368175666341 
-2.703430805651031 
1.753294211045336 
4.882899729932688 
1.863745334879623 
4.753548431624876 
2.713284446104864 
-13.82790136597668 
-3.614594280464058 
9.3693446875142 
1.589262619055668 
-0.3889895086930837 
-1.799394195858832 
3.292056078738842 
-0.4314785941318863 
-2.281600598285224 
2.941076178006104 
-5.808982601918379 
-0.9554902624558713 
-0.490912770799351 
-0.5457547289204084 
7.287561651768082 
1.327441773306446 
-7.29437607812006 
1.983373173569555 
-1.217358815952381 
-5.133909485896162 
1.071555208400002 
3.179411149627861 
3.913532157666908 
-2.495596047231234 
-0.4221889898477147 
0.4546598894822368 
-5.303499781683088 
2.278163216597287 
7.835348272701224 
1.828264017720989 
2.165062118646913 
-4.584027477185872 
-7.842035556901624 
3.991495086045591 
-4.231679445440852 
2.756447763194807 
4.611838388444559 
-6.722291947501617 
3.274966361990636 
1.193039616309328 
-2.933419804186141 
-1.699377193613004 
-1.267863301861564 
2.634991590968099 
0.9868530971242132 
-3.805457886179646 
4.783290039404422 
-2.954922255950367 
-4.63341648117362 
3.755505698960824 
4.872814399529267 
-3.586852602478674 
-2.91861668751134 
-0.6241844333818517 
-4.422045425262317 
2.074847895402702 
-0.7728306097592894 
2.262468633050879 
0.8136710573527747 
-0.1446544328700778 
-1.099052624123934 
3.375251745437182 
7.033201018935837 
-0.1222679817287349 
0.6299657393697981 
2.205913207374909 
-5.432617743532323 
-4.484107263601588 
-0.7106956377699163 
-5.393189343270601 
-1.533748964334035 
5.662267098599591 
-0.4737239747501252 
1.681163454077567 
7.165426175927977 
-4.65743656420403 
-0.9281406534722282 
-0.1496895008458352 
0.9298873918629402 
2.5656536225374 
0.03623802246476371 
-0.3799183673076318 
2.941400863013723 
2.593617498289882 
2.847842931295788 
5.57746714757715 
2.453986472411286 
-2.8143757028556 
-10.71073643899184 
-3.617824772518253 
-2.903291989075912 
6.374490662311856 
3.973689312843489 
-0.7237736550122955 
-1.085554998004396 
-1.889201283659181 
4.507368532613337 
4.62725482405651 
1.743713499327703 
-3.443350666088389 
2.147941686777288 
-3.159820624885708 
-5.498249147839183 
-3.069945094508696 
1.288269422195122 
4.265829411687241 
0.5242237039313209 
5.258502012641576 
-0.5747808602427232 
-5.870286664564198 
-0.8720028478345559 
2.052891867863418 
1.932886185021524 
1.932115995125857 
-1.44647875447069 
-2.140020779943882 
-2.243359258166314 
-0.2904708956155304 
5.83258873251926 
3.85239042533583 
3.390533531537197 
-3.621527178125063 
-3.433912674354881 
0.6648912164475114 
-1.755977930728191 
-2.030623165852634 
-0.5050587962145141 
-3.906356276110006 
1.385660121527617 
-1.862743676798271 
2.187212345532921 
-4.279068391543449 
1.120116315794615 
4.505684281935808 
-0.9555862147406472 
-0.4369879442034368 
-1.95231635985334 
1.171690017652969 
0.8072956383802006 
2.964407788738002 
0.428929317598054 
1.725625988579255 
-4.05057673044471 
0.111069057526009 
-3.527083525968423 
-4.74937618686157 
0.02521418028854462 
1.235348095309635 
-3.118975085321171 
0.331080252974802 
6.992050185805989 
-1.036011927320151 
1.0736175123886 
-3.301542813245877 
-4.039815352125922 
0.4353795564278912 
1.573136689100279 
3.40710414113432 
1.341228224621373 
2.837526774406571 
-4.777874193222313 
2.907041657513804 
6.342675173721541 
-2.452167726365088 
4.008986558394741 
-1.020916710082388 
0.2595402397932897 
1.902900999790442 
-1.553264213736232 
-4.170788678498957 
-0.7214406897437756 
1.184656245749498 
5.337940516348771 
3.31676442848808 
2.198614433625465 
-3.387914279009471 
-7.976425310046256 
-0.143586280579356 
-0.8698291188311655 
-0.3419532193588583 
3.868856167135288 
2.282855808050746 
-2.67612065741836 
-2.75084351807106 
-0.5029366805851276 
3.224079578788676 
-0.6739206800229531 
5.636834231928415 
4.874914505725118 
-4.664325393100531 
-7.320123161319515 
-4.532543934128827 
1.537849597332148 
3.759255709982547 
4.077408681283523 
-5.016499537397196 
3.181689852142161 
5.298644150342282 
3.19254374635562 
1.931804251401955 
-6.233643520733717 
4.813420521118154 
5.081330993005518 
-0.4370261599653197 
1.238493366587789 
0.3954937189562565 
-3.571898312193445 
-4.50420410382471 
-3.249545922234174 
-0.1218671659583904 
5.80686874058083 
3.162399971926535 
1.101617610632882 
-0.7274370370225361 
-1.67452797315233 
-1.320895336974662 
0.6771069519403453 
1.373637254878357 
-2.709096448767702 
-2.367195048313133 
-3.044708453747003 
-0.2819284992009776 
-2.340432847975608 
0.3912459885764542 
-0.7825703858177149 
-0.891913236174949 
0.6848831229534454 
1.127037479455602 
4.540614695046219 
4.792944036798001 
-0.7620886664543914 
0.2359746590654908 
2.773522047929377 
3.00167648263515 
3.071067861519516 
-7.666195945831665 
-4.50234804290438 
5.028296683243257 
0.0461444541026864 
-1.28475222637364 
2.015385863338649 
8.3997593593219 
-0.3923794420524918 
-6.750348936938245 
-3.059146522785647 
2.797562909566438 
1.664910416517887 
2.117366492186631 
-0.03734829839928407 
-6.146339631995393 
-3.98674353962541 
0.1465708759434689 
8.144971979291425 
-2.038400869212062 
-6.257342617011488 
3.263882152585793 
-1.960146124407497 
-3.30066555981879 
-0.3281220660560656 
-1.268079607120886 
1.314554984653123 
2.76305145174138 
5.211324266204415 
-8.189859834480933 
5.034734036347822 
6.880631481345506 
-1.429318348269438 
-2.027890617558796 
-4.124446382865879 
-0.1149526176198645 
-0.4490521899597972 
2.404889577679151 
-0.1161162626752041 
0.5290873121254585 
1.373229787922598 
4.477486400857676 
0.0318791439907453 
-2.247876745694255 
2.228306720383023 
4.216048722178887 
2.630526508864595 
1.042825944311952 
0.6057012476663292 
-1.883711191888294 
-5.567628622684431 
-3.241507568020519 
0.9702029124159899 
0.6832298536569148 
0.6452689241871372 
-3.968241749482099 
-1.846500265830724 
1.669566956169577 
3.541577817519253 
5.174355021431974 
2.855025587901733 
4.201179082032331 
-2.532086686961875 
-3.682497436266753 
-3.187742694383913 
0.2108201442166567 
3.269324389373005 
-2.121562197812738 
3.835686994145568 
1.332028808723574 
0.2885057913515061 
2.357391938391936 
4.154034801158554 
-0.8232787667038726 
-8.386088985486852 
-8.459325223933217 
-1.399829985568963 
4.694436888908575 
3.602204913832355 
8.854597397925403 
-1.230258946496611 
-12.00301161488144 
1.425652002289981 
-6.044772436947858 
-8.696958204252871 
7.523443293735696 
6.055516579146595 
5.891852736850685 
-2.185603554218061 
-1.209599477924167 
2.725555680617749 
-0.7647516721384156 
-4.788150216198036 
2.897224890468418 
6.698125023956685 
-4.384031170627338 
1.878109821650854 
-5.930935754594608 
-3.001846667694009 
6.505065948054574 
4.477190646094854 
2.554573148383483 
1.625236679136184 
-0.6231669407707767 
-1.278394807288337 
7.651930044337484 
-0.6709235318133175 
-4.875991267142496 
2.245972129941338 
-4.502189781708921 
0.6486337606145953 
2.291654635707918 
-4.519297372387307 
-4.555423828465817 
-3.206789665398844 
5.798636076890621 
4.461198799991066 
0.3597194075843302 
1.05488106154348 
-1.555603052644217 
3.049928286018 
-4.406496079328448 
-6.044245015938221 
0.1042986554435091 
-3.572376543992283 
7.242607912692298 
2.288116703686828 
-1.402193556806438 
2.415983489790639 
-3.090640953026087 
-2.461291483212613 
6.064967688931811 
-0.7942976511090368 
-3.90411457438363 
3.004786151376392 
-2.090263422055782 
-3.824070504752033 
0.08233517677927368 
-3.373113674401277 
1.826353699637503 
4.094514364503508 
-3.594770959236675 
3.25168278317751 
10.36731880250903 
-0.3527711727603 
-4.763098504799793 
5.163512763804847 
2.118022908848252 
-0.5703131638873524 
-4.393277763362208 
-8.16995461303477 
1.389823851806164 
3.173415368333719 
6.617414500742967 
5.062202655623818 
1.696785988660277 
-3.57551572584378 
-5.457615999500378 
-4.631160978785409 
-0.5092325778336698 
2.039636022421508 
-1.818981543391186 
3.077489912888752 
3.257853537045166 
-2.953253797059994 
-4.647113907060881 
-0.6412808564100981 
1.788426056334101 
3.570879701248507 
0.8287833382057036 
1.473172155227222 
0.230964640117418 
0.9158634628928478 
4.524893537655783 
1.996614148738612 
3.48271483945865 
0.306779837099624 
-7.523114504651363 
-7.031179447677729 
3.298152416485215 
4.333163058664441 
8.256893193619643 
-0.1380540668598189 
-0.7378182484282176 
2.656003366212909 
-5.127997332749176 
-3.40999616038403 
-3.676933538222392 
-1.241597543238186 
-2.577125881590539 
-4.026503561127445 
4.971164209283479 
8.273980666320877 
4.292390067417927 
-0.9453195619527515 
-3.400404756218412 
4.988830154534482 
1.904494910406632 
-1.058633718379184 
-0.5891530688936928 
-4.759828461196375 
-0.9509211238226897 
0.6553702829639578 
-1.543377028419068 
-1.886826962641058 
-1.947900767142331 
-5.321521418010323 
-8.244592652161595 
3.261334562146573 
10.56607950062353 
6.676982369904827 
0.7519933172943921 
-1.482520746784817 
1.82396685149526 
-0.640959690543598 
-2.149941434648507 
1.464909950985362 
0.3861074605112268 
-2.576550597464343 
-1.800663599810228 
-1.087862374417723 
3.883566087100074 
-5.298513068334632 
-1.497444672117832 
5.578252678288892 
-2.243922804884427 
0.9158472231361131 
0.8276832035734771 
0.6861811999671539 
4.193688944482536 
4.764724837343738 
4.114069339625822 
-0.369599255182099 
-6.880932798073175 
-4.442170054505408 
2.337531804756974 
5.559487834431848 
3.594966238697257 
-0.5789424188586271 
-5.670892839521224 
1.433793183761473 
0.7207567980911201 
-8.183089688328097 
-0.8211955796274913 
-0.9689837735833847 
0.9913388747531326 
0.06854992156582242 
-1.978751101280811 
-2.153160348756237 
5.041170626963487 
4.38021563516749 
-2.670989813098556 
-0.9549446722448 
1.173732529273805 
4.36664540054134 
-0.3478871181057959 
1.34673295035505 
-4.255494906197724 
3.231639156889937 
2.895670955548046 
-4.650871344113834 
4.805604374111999 
0.5919015147702014 
-3.610967143224364 
-6.211293365655933 
2.193366946977088 
6.569173511916962 
-5.050767900462576 
2.77474026062673 
3.121591259439326 
-1.443155304786942 
-5.314929713145681 
2.852821432544978 
2.082446102139888 
-5.271993338371313 
5.091917023393552 
6.563699177310719 
-1.980207986526794 
-2.872752407109423 
-1.14143801154251 
-2.326690039631922 
0.1586252084154067 
1.265298410606329 
9.171125186423465 
2.054809499345745 
-1.13860402398514 
-2.668180683762 
1.269871993243793 
5.384703602748138 
-0.3107908244389212 
0.2609993192035546 
3.798278272998578 
-0.09168488361963259 
-7.358964521590778 
-1.692607630787767 
0.7178485876792912 
3.490252960504964 
2.948212794352325 
0.6119204866549991 
0.5175706005253534 
2.117574392671767 
-3.603225342098499 
-1.326253841036594 
0.6582760623407936 
-9.193563992112392 
-0.9584007781125781 
2.790823032732296 
8.265964868507139 
-2.654558695344981 
-1.738895162810786 
3.930562816813222 
-0.2059014725129128 
-0.4777597542722328 
-4.573121286267483 
-0.8851441558066423 
0.6042127443225003 
0.2011296671579813 
-0.2613551065386387 
-0.4055623863092848 
1.745218086072266 
1.606952481003071 
0.7814497188148971 
0.04768467522376871 
-0.1605333351045918 
3.150236795176025 
4.266296304081826 
-0.07793601803448109 
-3.638671519333471 
1.290444032099789 
2.334985147972372 
-5.715266829301589 
-2.014685341695804 
1.977128337858111 
-5.894671830859953 
3.592985433227203 
5.986588331170029 
5.498446171575997 
0.04558987589075211 
-3.554559508325535 
-2.844852510782303 
-1.71550702129549 
-1.997215114505321 
1.396119045746961 
1.805789760452291 
-0.3784696515167872 
0.5381067929248373 
0.09665736876006267 
0.543863461131995 
5.152366250669428 
-1.559362844138474 
-5.258315931969398 
2.630417684781792 
3.790498289060156 
1.22394051653859 
-2.636483331254442 
-0.818489922505371 
-4.136022434253177 
0.7781163862652526 
2.069417230528889 
1.344481765232244 
0.5192958261985805 
-0.9479600799375694 
-1.051572780743552 
1.272778185138334 
2.702709163982037 
-0.6884199782094889 
3.928944104087841 
4.290982343022298 
-3.227358844356617 
0.4262843110657139 
4.639202254877078 
3.909302672921892 
-4.162351443643947 
0.3356329024125078 
1.209246597584873 
-5.416817419936034 
-4.168762791502196 
-4.095219096746052 
-1.593383714365546 
5.793108189195034 
0.5259118853027865 
-2.150411121620081 
6.075598191916753 
-3.147252217421105 
1.587757879976682 
1.006002921855754 
-3.086362255474256 
6.225873558890001 
-2.968874650742821 
-7.730206395045785 
-2.229533005615557 
2.045149683774046 
7.233443405414127 
1.989028135572571 
-3.558196411078018 
3.927739822711039 
-4.028328595130805 
-5.674707160659459 
3.302277355434793 
1.810667901377973 
2.567969126803402 
1.326289479563804 
-2.092490159528839 
-3.15120561874598 
-3.419586169802774 
7.96399762898976 
8.84829347211662 
-4.204718051089509 
-6.253944995096316 
0.4003583542164485 
-1.286368448912343 
-8.290910786708057 
4.467399791398102 
8.473425654511162 
0.3251101230735495 
2.964007722363931 
2.496405188018907 
2.359223522302946 
-5.567396304538931 
-0.299654568485174 
6.702897954886997 
-1.364935757547007 
-3.852866735281564 
3.873187016420341 
-3.098938386713632 
1.365808747259775 
3.021303363933401 
-3.587141409469163 
1.508750543181204 
-1.922343816111601 
-2.758946984972503 
2.349923126634155 
1.193485479977525 
-5.954274865330237 
-2.405656256789312 
0.6987873256570237 
6.55890811504996 
5.671081943099234 
-1.022103547844863 
-1.576397312803929 
-0.6609995433571006 
-8.341845591969646 
-2.253387120326328 
3.492752395143359 
0.01533164705183409 
0.7009065234522539 
1.372663360177672 
5.203491372795909 
1.162351761679123 
3.264022363240966 
-0.9720027012655147 
-3.960918110607603 
7.236906754142288 
-1.308992994661049 
0.2359071086873831 
8.691838381287726 
-2.14146821855293 
-2.516319676943571 
-4.318859810667105 
-3.329853606262611 
-5.999818114146741 
-2.099598797698585 
6.684538353518387 
4.905583807373138 
1.811602405315344 
2.191811381752706 
