solver_type L2R_L2LOSS_SVR
nr_class 2
nr_feature 1984
bias -1
w
0.02177899485593914 
-5.807339042771966 
0.7477226944279459 
1.494514457473205 
0.6019128528504163 
1.579165807526827 
0.3491886732924396 
1.192577399708491 
0.8707386041820651 
0.400092947631198 
0.05250395263854471 
0.1913749663296166 
0.06580333546389332 
0.3467812608276137 
0.02172345925878491 
0.5569407046840458 
0.2518656710112525 
0.7976909816721289 
0.06184171720894245 
0.3720198323528121 
-0.1187483124473602 
0.6691919936770792 
-0.4284136288591651 
0.07446753739872591 
-0.08057509428574504 
0.02201050628243356 
0.1841357012289465 
-0.03526298890716142 
-0.2311908396409956 
0.1836455681513645 
0.3091365239973973 
0.4525795769422398 
0.4245105527146936 
0.3253053649992717 
1.179913402719709 
0.460212314545423 
0.8475926948627173 
0.6814508220379737 
0.5770959896784589 
0.3445300877512796 
0.2486975956441036 
0.3863057552285621 
0.1233179915111841 
0.2970488157924088 
0.04089259154186115 
0.4103707346883373 
0.006897502682332629 
0.7094674806906121 
-0.06071714025711734 
0.1223568546038157 
-0.1840493723776037 
0.3554808130244634 
0.3183405964144213 
-0.4747588501822224 
0.3987723079124105 
0.3365188972947586 
0.1188727264570751 
0.2697004695605789 
0.01975549708980002 
0.304303972868505 
-0.1696131825609144 
0.6467840322366105 
0.2281767563234816 
0.35750526449473 
0.5340996775530052 
-0.111180697719353 
0.1789622366941581 
0.6464984421941333 
0.4131814016588491 
1.010635966078016 
0.6305254499969846 
1.310452672264113 
-0.07780348756949376 
-0.1265385092468864 
0.2383110460597613 
0.3607579222118165 
0.1388511430787996 
0.2074592187120105 
-0.09302036105065432 
0.2166100931525672 
0.01493208586369627 
0.2527658044936431 
-0.3516622470753451 
0.01896978740395916 
-0.110019139093223 
0.2509817646701965 
0.1273490754661388 
0.894263527248223 
0.6386419058026923 
-0.4544567402327696 
0.6479756190680082 
-0.6162989452679558 
0.2905970311760922 
-0.3791409109731289 
-0.2288374115397913 
0.3948938573300906 
-0.1710373648593658 
0.2745575656990031 
0.2601906914409518 
0.4014572709106639 
0.5142868390024895 
0.1371503188318432 
0.7410079587569079 
0.09443537522000804 
0.6562809451998882 
-0.2745274682745331 
0.07709832116017876 
0.4081841154094813 
-0.2653137928409204 
0.07835414525729366 
-0.4014233735526243 
0.3318075572440558 
0.5049956338135954 
0.1953681069083845 
-0.1964713750838988 
0.4829066716029818 
0.3591239242350105 
0.3741905998146792 
-0.1769333574049746 
0.2946336150331336 
0.06176939572065608 
0.3555233449654571 
0.2057400080293205 
0.6500471970133542 
-0.2226884875816014 
0.3971948937704629 
0.321738670949355 
0.6000336562880969 
0.4584284928208519 
-0.1484682433996849 
0.2137986569731305 
-0.2379054014131943 
0.5316398414742722 
-0.04663339521371216 
0.3307350698760302 
-0.2180902327632383 
-0.1795851239470038 
-0.1450307319779964 
-0.2077330319147176 
-0.09447454593584623 
-0.2168938139799534 
0.4479802438229675 
-0.4705942836865071 
0.4289439301763097 
0.2254328505069868 
-0.1550822461539343 
-0.2569101231798757 
0.47912085804407 
0.3959520567485858 
0.276547231612002 
0.6888715210696581 
0.7467779460540899 
0.1737952660208467 
0.4032198191626378 
0.46513406492902 
0.4791191469266233 
0.3560761776737737 
0.1818723139287066 
0.5161207111189492 
-0.3743173149673464 
0.3753944926791187 
-0.1457152973479561 
-0.1078047618152389 
-0.231914459297399 
-0.1263900519699742 
0.3950621651262133 
-0.3018595675007877 
-0.07914924552662253 
0.1917239664085491 
0.6233826454453651 
0.08011320562841866 
-0.1269955286457829 
0.8355894303629516 
-0.09046651535344877 
0.9840243860245238 
0.3206022445999422 
0.2747226387889961 
0.106858146342522 
-0.3886324461330168 
0.356053535246395 
0.2244632589265372 
0.3010598162632026 
0.2127253153030837 
0.1849847635509735 
0.07384520804910467 
-0.349983310694339 
-0.2617376249384518 
-0.2186758859463684 
-0.1692481331555324 
0.4569692214334753 
0.0007689863244245421 
-0.05832446746025324 
0.1024101678494636 
0.234736163230129 
-0.01378191759663286 
0.180277607053338 
0.3938714956493482 
0.178812723433928 
0.3262343199817982 
-0.3061906545910454 
0.1157855819592529 
-0.3978567308744964 
0.3165354489785366 
-0.07977020695818429 
-0.07283453026479454 
0.4403384378367463 
0.09706039182932678 
-0.4296327141319624 
-0.1469249354831737 
0.09119432276699913 
0.2060183498444544 
0.04993321539689074 
0.01123996041772116 
0.1387953501888395 
0.1981615136026771 
0.2932413354075406 
0.3829506275493041 
-0.1528616906013641 
-0.1243036798742218 
0.3032987026259246 
-0.06484245918172522 
-0.5364554295778867 
-0.2013079813055882 
0.2312740293623966 
0.193753932842158 
0.4051228980343815 
-0.2668042871172943 
-0.01228947800387768 
-0.3217535690088446 
0.5702204749675505 
-0.175680205766343 
0.09633762720789099 
-0.2703599399195619 
0.2873150857939339 
-0.2311930968392348 
0.2350001186981878 
-0.3243481174003338 
0.3333984523837207 
-0.2562230173235793 
-0.1038905057749852 
-0.8712295889914659 
-0.3243790660019672 
-0.1017799287286495 
-0.1704305653101768 
0.7223231454593771 
-0.09453150846151555 
-0.03204854861262056 
0.282722292394012 
0.4134140356112113 
0.3001185292198545 
0.2416619131406903 
0.7224272428342153 
0.7537860296499499 
0.4301083024111187 
0.7970016349313129 
0.2603686293751364 
0.9078430068662112 
-0.1968027234759269 
1.049835992666125 
-0.2702925439970778 
0.295366239858028 
0.02336129057422881 
0.4328214636208869 
0.1557734316151096 
0.02406689487579575 
0.009866212514617959 
0.08088554310450474 
-0.005839281596761206 
-0.1648012910230081 
-0.263318063440114 
-0.3843849704483388 
-0.3181946365747186 
-0.02554339452768997 
0.1855312695009944 
0.2049922833149261 
0.3754059780834055 
-0.520165109970519 
0.2695537612934099 
-0.6244358144135539 
-0.09508752159792029 
0.0684143627693574 
-0.01847267334352975 
0.3076527376789939 
-0.02234782724845726 
0.7526566666303961 
0.9438823228758082 
0.1341590190745923 
0.3532779352953604 
0.4918788759535361 
0.1565195919505671 
0.3483825326788192 
0.1679624951730834 
-0.2708371381898391 
-0.1308016144495335 
-0.1485363171138162 
-0.1972334624405176 
0.2479794032514925 
0.2047929911303638 
-0.6237842363065421 
-0.04028536516101521 
-0.3495789233641717 
0.08268672628092932 
-0.3063103754980088 
0.08683054955149073 
-0.009745680393084584 
-0.5904170017094834 
0.220352759314889 
-0.1858817965442616 
0.07798695068624467 
0.2492711381464327 
0.2052243123540447 
0.002197212236300219 
0.3339738075919846 
0.3350435916656915 
0.133520625548008 
-0.1779749131666373 
-0.1240894972053793 
-0.07620475350834106 
-0.1441610129020734 
-0.5271527325455767 
0.2893486798666203 
-0.07317169985722319 
0.1633664069028787 
-0.1645686057747902 
0.1205383719172252 
-0.01157038549231563 
0.4595171403871077 
-0.07890502941263129 
-0.05144429610611091 
0.1187421354806485 
0.3972823922704736 
-0.01105291582220089 
-0.05706611640105917 
0.1331510748001486 
-0.03474246311694985 
0.3271270832337637 
0.1240090041022261 
0.3486257168719406 
-0.09450043178407451 
0.1155929004647068 
0.4873382095397027 
0.09109208960510004 
0.351231489400802 
0.2055209060808354 
0.2445973850774154 
0.03814980682227335 
0.3004823326695312 
-0.292589708784156 
0.560349180487868 
0.2783832391954058 
0.1294258782701487 
-0.04079829674355841 
0.4425509850505169 
-0.2083442477339092 
0.05334501928635477 
-0.6302906685650789 
0.1060907413097158 
-0.154020510006218 
-0.4768278946878797 
0.1109369764993207 
0.5249072834824473 
0.2601970267691948 
0.8981937682155493 
0.4241104410368831 
0.4543460373775733 
0.4545509467799312 
0.04125868668683776 
0.342622866755753 
0.428869048474537 
0.191140354977186 
0.8077196730760013 
0.04227921013322107 
1.046484663726393 
-0.1824422259429213 
0.7355917642908345 
-0.4404556665742593 
0.03488673968552004 
0.3293729275403277 
-0.02658845227436786 
-0.1226697416086115 
-0.06185615549795401 
0.4406152654036675 
0.3623674748941718 
0.1072066674815814 
-0.41054607225423 
0.3369655459893356 
0.2808194169620751 
0.07578327041461792 
0.1161828784089275 
-0.0830203114062484 
0.1426807929141002 
-0.01967015868081069 
0.48897241577114 
0.40849642089675 
0.5315837437719345 
0.007355760637851819 
0.2391344394230315 
0.3079758055125659 
0.1003752638562058 
0.2127523111523747 
-0.0934678354968803 
0.3696505268667216 
-0.3190098475990767 
-0.1396578017532655 
-0.1349433816618704 
-0.08587597973218045 
-0.03440254270574605 
-0.3263849189091083 
-0.398990265931617 
-0.1818216316327086 
-0.3376716565711496 
0.2767916862999404 
-0.3686998791893185 
0.8645805910450305 
-0.06212388585541094 
0.2929498580095856 
0.3283737332896288 
0.4412130487879661 
0.6284942366947428 
0.2883420822710198 
0.2474518872232898 
0.4556058777311469 
0.03728186815422497 
-0.06653989266100087 
-0.1223133515000759 
0.3735163933468172 
0.07165753482627327 
0.09463768611464841 
0.5331844525594489 
0.3422467177801224 
0.4767312867614134 
0.250411825299789 
0.1393150456286992 
-0.004133965807680861 
0.0642573547971157 
-0.07288166040662698 
0.06124550450609881 
-0.8056877967797863 
0.4027782435637569 
-0.624907953704038 
0.4381425401666089 
-0.1493466491362678 
0.2867169276721349 
-0.01959712975033768 
0.2645576133634416 
-0.06093805742001681 
-0.2061335131799301 
-0.01440611472060556 
-0.03392158566683937 
-0.5024142800493366 
-0.3158278723557125 
0.2196180917423817 
0.1619086145151903 
0.2167358299314424 
0.620376053706405 
-0.1016406092045025 
0.3276287054719877 
0.09819574942297567 
0.5435549508214225 
-0.573729903716134 
0.4128465258090011 
0.003981513977955732 
0.2736829537128564 
0.5978487058533887 
0.03276924630312281 
0.1903076658438884 
0.2330102548515834 
0.484758148253725 
-0.1559622331965342 
0.0845798172037613 
-0.3151397950446323 
0.1245586360847347 
0.004947266137847989 
-0.166774948589188 
0.4401612777203749 
0.1492685631230245 
-0.03454250421352282 
0.1460158761425936 
-0.4561618909616759 
-0.1965730491854505 
0.02821855348146716 
-0.190418414923353 
0.03849704485990467 
-0.01815791928338211 
-0.05507755898421526 
-0.1207308943758149 
-0.1500627318379673 
-0.3545852386166218 
-0.1150461002235842 
-0.3681935356788454 
0.5131887142867213 
0.1930386028341443 
0.293939563840676 
-0.1116992403713285 
0.5377104011438768 
-0.3821200049755791 
0.7472187492366481 
-0.432611449630609 
0.3232387978909259 
-0.1579286040044731 
0.004813984305543537 
0.2727512004721092 
0.1549923731683449 
0.1344130763746524 
0.287356104760752 
0.04529121260091488 
-0.204589581109093 
0.1468349353921901 
0.178898466206403 
-0.1769443766037223 
0.06989264931321196 
0.6394681468530292 
0.02794324681357949 
0.8522647345977493 
0.5493865743991171 
-0.1255384048166171 
0.5559554879202859 
0.03648215552536285 
0.3668593287309227 
0.2927474052320216 
0.1604007277898563 
0.2407127386420031 
-0.1581703364814275 
-0.1082294485936326 
0.01914830562141975 
0.3536460314655063 
0.3375748348032974 
0.5790344203649734 
0.6043728032597 
-0.001105251917072655 
0.04865153839970275 
1.054800913928257 
0.3861693957433893 
0.1435347984064585 
0.1329433021705333 
0.01855306037917748 
-0.2572735534385842 
-0.3265750766915739 
-0.5714580568581102 
-0.15475549251825 
-0.4546201962465524 
0.1121709929010702 
-0.1705965262732667 
0.5008286819764219 
-0.2872421917518282 
0.8831955176067257 
0.1108211240624511 
0.3802749064839395 
0.1186198369071816 
0.138684368892166 
0.1474952138805045 
0.3718011576809003 
0.1045704252654608 
0.3431327743642342 
0.1048130845460677 
-0.1020202131720088 
0.1560885385739294 
-0.4013006460623686 
0.6208239901451822 
0.2313527275427849 
-0.01945863559423443 
0.1589421375914518 
-0.1384573600022293 
0.5937973921270202 
-0.07702803713834071 
0.6670559508680513 
-0.7200205170150854 
0.4910405871132437 
-0.02298425715992039 
-0.1990078256957964 
0.2441056151555988 
0.2897471189766044 
0.1134863716223398 
0.6917327579140585 
-0.1913434649255345 
0.7073135223814063 
-0.3531882272334768 
-0.293016422750722 
-0.2468924061333081 
-0.4708354172456411 
0.6792153660387502 
0.3504187463942837 
0.2480121766903897 
-0.1096995327190775 
0.5842792381972248 
-0.5188285559037907 
-0.1162063401426752 
-0.4496625151138609 
-0.2461292631294866 
-0.1709719762412678 
-0.1857702476922223 
-0.1274824839651558 
0.5862893407520339 
-0.09754736655681866 
0.2058561072270501 
-0.08913450444098334 
0.806790058149392 
0.1974063786270158 
0.8426815320354828 
0.1815658378988732 
0.1213657093342909 
0.2533444426779279 
0.1439755639228103 
0.138607343430787 
0.03254417820549307 
-0.0744938726558096 
-0.05577927887960449 
0.003436077191499142 
0.3240450142795226 
0.08641132338231201 
0.3947343090179605 
0.6043002570302172 
0.4446174892614934 
0.0541950965678037 
0.7263960376160665 
0.03919390732125203 
1.031366808334805 
0.2945240999042589 
0.4352316578579146 
-0.2415607675363513 
0.4428164172466907 
0.4722710612814163 
0.2868137045124936 
0.4003028185401697 
0.1632325363154905 
0.7566726214895318 
0.5044329667225896 
0.5596993362414857 
-0.3082714332388812 
-0.2533740911307086 
0.05712449275449596 
0.1653562675312556 
0.05048995057936401 
0.7095696778248423 
-0.1454085185322518 
0.4276182813643403 
-0.1267892593495091 
0.2609501397882068 
-0.1864560436219825 
0.5478981359335336 
0.2995183207494925 
0.6025640582961228 
0.06436681806388721 
0.7250169164602834 
0.4600987256765279 
0.1295171667204459 
0.7245929601482965 
-0.1613606693981893 
0.2892405504172678 
0.4651283842394741 
0.382400543032349 
0.2563643294998966 
0.1291466694110132 
0.501889887143405 
-0.1576483115872478 
-0.2168596767243008 
0.4629119941769364 
-0.2175277471751734 
0.1628347082206473 
-0.6380801616868372 
0.5667034614574853 
-0.1012335536491683 
0.4917563155194851 
-0.3045238660169405 
0.3709854954743306 
0.2960093115578213 
0.3436136018450498 
0.1776592279648247 
-0.001304772024375731 
0.6674923881444206 
0.4563921918826314 
-0.0141274845472039 
0.1077961726432178 
-0.5005056366401731 
0.2089571987883247 
0.08694058194373901 
-0.4993868929666584 
0.5271970387896316 
0.0003471469727839992 
-0.2218397246182576 
0.1730903801128263 
-0.1288268391192036 
0.4093016338281567 
0.2395463530032327 
0.1194818479952949 
-0.04097908319470275 
0.4429416636472024 
-0.1940908457373751 
0.4316343754138965 
-0.03831786951419921 
-0.3177938292490616 
-0.01644929105305712 
0.5912238506632251 
-0.2288052556831239 
0.4210619741700884 
-0.3298144977685822 
0.3262907464440414 
0.1353012807712365 
0.5066658765622351 
0.4527188751554705 
0.2778311289683857 
-0.2064429445935177 
0.00130120748605808 
0.4783182275228476 
-0.04702804096769442 
0.4653248596182737 
0.05186341719701264 
0.8760515917952753 
0.3989622216474084 
0.5505896304008987 
0.5631750579754318 
-0.466879820615189 
0.2349487648202698 
-0.3881787452531831 
0.3336354469059135 
-0.809408898209474 
0.3978800869382596 
0.1117168596493574 
-0.002647859321938242 
0.4875359622556249 
0.4189808352002208 
0.1480445342862267 
0.2154571372549832 
0.2987507861279514 
0.2016702587485761 
0.2671856212953096 
-0.04256838463048505 
0.2950282112255074 
-0.4649055048880528 
0.1496176528920885 
-0.1479399360504628 
-0.02803318174003122 
0.4228210144816082 
-0.1690107282322486 
0.3816095205404674 
0.1186339339889157 
0.2763791814872836 
0.1562260973014059 
0.2848489343330964 
0.02112244049051939 
-0.1097451872114685 
0.1619625073865786 
-0.08244249324758952 
0.1972026513191547 
-0.07604781407842494 
-0.08039714295197345 
0.2716008494175725 
-0.2164785889844964 
0.07130910928346113 
-0.02153669983674939 
-0.212830779498923 
0.3737616614870405 
0.3605732856900706 
-0.1561921724172552 
-0.02955513548809592 
-0.4759907570499217 
-0.1384901374084975 
-0.3726119490630682 
-0.1711912262001644 
-0.02521054880907263 
-0.1198794732606307 
-0.4218426420852356 
-0.464327577825653 
-0.36516836389106 
0.123425496722419 
0.04857812184253899 
-0.130047094758136 
0.02125178828115841 
-0.06603273395030193 
-0.05633617523053505 
0.2297303853494165 
0.106309212075608 
0.1626296490888181 
0.2982320068321465 
-0.238677976611021 
-0.4722433431763007 
0.6398287356058437 
0.1375727470482094 
0.3061736948442836 
0.2414323190808121 
0.6987249838190108 
-0.2618702101436272 
0.4875746771230875 
-0.139769083630251 
0.006433701856221 
0.4092934178216506 
-0.04593357555124748 
0.07351135023714726 
0.214712633913492 
0.1605182877224489 
0.170266866772418 
0.0651078739293368 
-0.3359005098973881 
0.003222657565074009 
-0.1031303584782627 
-0.3318474927281258 
0.1787772798251649 
-0.4159398034055415 
0.3025362222224717 
-0.7867521706918298 
-0.4081234307423544 
-0.7745252315909199 
-0.06547661787370884 
-0.2986396768417593 
-0.1873982078108723 
0.2508540348210878 
0.445062374119913 
-0.4311013441595696 
-0.03948227757273114 
0.1567542045777884 
0.5328971379383443 
-0.2746014421157723 
0.8038601948147386 
-0.5422351017915261 
0.03136671187627121 
0.3681194183904941 
0.1377277966649433 
0.1635075141655449 
0.006487233446988563 
0.5688108857572063 
0.3109308514373502 
0.07862629904115308 
0.6237796524858098 
-0.08426072412431918 
0.422438055981792 
0.3385783619469282 
0.08145458038519708 
0.06925196623199438 
0.2633553318641502 
-0.2908999060799487 
0.9182827693857397 
0.2448771319707844 
0.1051257909871781 
-0.2417182540976625 
-0.06464499722954202 
-0.09683576886827569 
0.3156056462223228 
-0.305781618019483 
0.04145479423930492 
-0.3436353332425152 
0.2511976288766322 
0.2682724449846298 
0.1370214377740785 
0.3352490397581722 
-0.1424177786658463 
-0.05715078059385786 
-0.008311556393948502 
0.3986496804443662 
-0.1620965147941238 
0.1659276203759795 
-0.1276550740115523 
0.4621905911962039 
0.2094118106220982 
-0.2553370997930458 
-0.126453853638451 
-0.1436015804845003 
0.3640461071595679 
-0.2549977778457679 
0.1592611169892619 
0.3173647638078717 
0.08362895042507225 
1.34175874519804 
0.1039659807651861 
1.230506492426267 
-0.03875267307083965 
0.911649661699531 
0.3298828395677517 
0.03779260730480447 
0.1285286922314511 
0.5056327519604625 
0.6678158311926233 
0.1477496201145184 
0.06663418202481232 
0.07967900871690649 
-0.2115484435257078 
0.007290743484203196 
0.4459835572332883 
-0.244501482166151 
0.4450350753470081 
-0.0893275261461217 
0.3381656118525913 
0.08597493553449365 
-0.2459997488990291 
0.5055277733851159 
0.3970600512695608 
-0.464473090056939 
0.07625661852764593 
-0.4065563810117634 
-0.5744758406745009 
0.514244367178827 
-0.09474874749191901 
0.9634038508256563 
-0.4731170193020369 
0.2229135832527547 
-0.09076157471557036 
0.5465198509643523 
-0.1460057098817702 
0.6892935392656799 
-0.2482222793063494 
0.3910837115091122 
-0.08258571405499333 
0.1475702467504575 
0.1847161094855778 
0.122156195846533 
0.02530812899923748 
0.2440394815071411 
-0.3202250244287548 
-0.3008419948477622 
-0.319310859255224 
-0.08977703934539777 
-0.129656405900934 
0.5165885302578104 
-0.3485305181690067 
0.513563058128201 
-0.6666895924813615 
0.0766671825689392 
-0.2375220621133617 
0.3808788681496605 
-0.5347893462357922 
-0.1230904905097287 
-0.1717516088111626 
-0.4343209468377598 
0.461620542745581 
-0.125416040553187 
-0.07039479202199067 
-0.03939655435410275 
0.2492286030232003 
0.0902254423298809 
0.2612927671521542 
0.2510017263937712 
0.6395561923732668 
0.1800512423386688 
0.4480847276818119 
-0.4413893654108973 
0.8932180210208401 
-0.2117738568588349 
0.2877077655129271 
-0.2068476702879731 
0.364910345946749 
0.08252802302989104 
-0.1449781438513826 
-0.2061268353271909 
-0.1938135662943073 
-0.1000744115802005 
0.4386260108985079 
0.01038096425147526 
-0.1994153367462946 
0.2124464743652042 
0.4509989267733605 
0.5059626847932511 
-0.265767890120425 
0.9836440682180388 
0.320784024686471 
0.1092542625377355 
0.4222364356898401 
0.07670205045415364 
0.1840670412271449 
0.7884527334048366 
0.3690408967263911 
0.03257734285437545 
0.3083188682736785 
-0.07395353393181738 
0.1679753909210648 
-0.1263386090252556 
0.3061988941869166 
0.02464014680720768 
0.2874678738538606 
0.5386084501844447 
0.1057147233772862 
1.012522772335321 
-0.533809775775599 
0.9934694410501129 
-0.4994033884693069 
0.01748619446209066 
0.02270797461816624 
0.2198617364783331 
0.2402728053961847 
0.05509866553120425 
-0.2628517704295218 
0.147089095948924 
-0.6144948830757765 
0.003681248102020814 
-0.09499082345427344 
0.3771847897633968 
-0.5429678910798106 
-0.249953636453551 
-0.09017767290686751 
-0.1655025087236203 
-0.05150168788183841 
-0.2621118082168536 
-0.04459890382848995 
-0.4930562876851677 
0.2365561235359207 
-0.1107614611183702 
-0.2408076413773144 
0.3664665127247489 
0.4466436261424282 
0.1195476670730412 
0.2489807993635739 
0.7731099447866253 
0.3682870205449353 
0.2367751740035628 
0.5234159510716085 
-0.2648599921840576 
0.4142799425444753 
0.3892493174198772 
-0.05218502010502082 
-0.0162337250936998 
0.2742040686451698 
-0.03342248594391928 
0.4960014021968557 
0.7244487923730745 
-0.02847285208696376 
-0.219877773480073 
0.3634925743848405 
-0.1791617268250624 
-0.2329204772383496 
0.09631789919158455 
0.5123717670786108 
0.1517853478533777 
0.7716056418804026 
0.2635307653269146 
0.2361793438938812 
-0.1012989401588819 
-0.1475452655511419 
0.8493998588195942 
-0.2058378604890881 
0.5183569945003526 
-0.0127940290995263 
-0.04404218791222275 
-0.02583029766475537 
-0.2867576300244619 
0.3150940902201457 
-0.5173690713135951 
0.2172842150845308 
-0.2263118691978647 
0.7197007003276132 
0.1107069534288448 
0.06059043334828649 
-0.1405894829633399 
0.4426609246972458 
-0.002295826362864655 
-0.01108846360610547 
0.2701981010615755 
-0.1968586510851829 
-0.08919692241639857 
0.1030871212507706 
0.2094336137756596 
0.3630556349425345 
-0.2768906010318016 
0.02426582548389428 
0.0878848478971708 
0.6480698315418905 
-0.287210533456332 
0.3595868172115019 
-0.1219963499923717 
0.2180735211937593 
0.2772282157196319 
0.8086200779553238 
0.9369551481692217 
0.2821567177215217 
0.9529061504408542 
0.3176250854935613 
0.3569267131785865 
-0.1505482172938656 
0.2195623869046824 
-0.4086538470764505 
0.2704206539238715 
-0.05196199322439667 
0.3066497721006253 
-0.2530217615444061 
-0.2356422444716873 
-0.2665894742922066 
-0.06416305235179273 
-0.1753535954089384 
0.1021070604543406 
0.04415495632085966 
0.6991471116618052 
-0.03292057162337914 
0.4178016902132549 
-0.2595050674171057 
0.6004179766600003 
-0.02519276845877198 
-0.2428891052371441 
-0.4291238258084467 
0.6979895658492101 
-0.3034562050588912 
0.1941892960267737 
-0.1299681633998619 
0.02422422399911205 
-0.05863300788170574 
-0.4661300062033492 
0.2389576298582423 
-0.6876215581846866 
-0.04083209149736836 
-0.05916169046468315 
-0.1541647168700592 
0.4811906208908713 
-0.1950289712854373 
0.07343231514759631 
0.2812515139087037 
0.1092620557497287 
0.0954367805587044 
0.1038283596148597 
-0.5732405603327646 
0.1341275880847117 
0.1190479472526269 
0.01317430167333506 
0.7741063622852096 
-0.05663913907860046 
-0.04379115584992856 
-0.3979829415047538 
0.07910944935090652 
0.1657950415293028 
0.01604260820899046 
0.03111319189492757 
-0.1333813083277102 
-0.1555244712078504 
-0.06488240854746614 
-0.07868697112216889 
-0.1085256697477957 
-0.3977782078883833 
0.2910518821330015 
0.1470929326589895 
0.4955965171014671 
-0.2542599391140419 
0.5950946472703954 
0.1142921181689799 
0.8442714381348378 
0.1004967413942733 
0.08740297232350551 
0.2505252228011596 
0.1886732411665475 
0.1921137932029923 
-0.4363470370078316 
0.200747751267195 
0.4423523516861301 
0.281740157251785 
-0.1088819004076295 
-0.2387467282123369 
-0.2484518523759526 
-0.08729102295087258 
0.05839792607506606 
-0.1154072329996401 
-0.07276569057668078 
0.1291079533194758 
0.04103146513424934 
-0.220479697475708 
0.2903372402871062 
-0.02873890478681045 
-0.1007090854248468 
-0.1347163209012957 
0.2787369603400077 
0.3625280830343903 
0.09267293376803756 
-0.2356603580217869 
0.7219927430272111 
-0.08956856057230195 
0.4833018442060056 
0.3104327825375895 
0.1004362077072102 
0.9159860088618247 
0.5975624135023616 
0.6330901800111665 
0.1759230098179622 
-0.02033894106534165 
0.5795806591213977 
0.4437238239405368 
-0.1213819249947671 
0.6185211454238746 
0.2867682555853271 
0.5445530807656956 
0.3971824803519987 
0.4661903328649613 
0.5850834663987569 
0.2776885810399804 
0.5276499322650702 
0.2457888391000188 
0.9526658122959477 
0.8985333319970117 
0.4672891422019306 
0.3117032499851535 
0.66318885861323 
0.4915269777085309 
0.2301103338654542 
0.1731981048736481 
0.1338578013822963 
0.125901232993632 
-0.1640053668635548 
0.6535663058888874 
0.218601749754176 
0.3937175767443002 
0.2244124280575807 
-0.02998625101613156 
-0.02498100421132649 
0.1417231211381633 
0.06120139842516016 
0.0741882515127725 
-0.4382802755871019 
0.4477330034876498 
0.3984624665427102 
0.141057448434912 
0.06775736950398968 
-0.0210104718063776 
-0.05806725630670861 
-0.714740403820134 
-0.1728627526332992 
0.01614255533558938 
-0.05613082747508667 
-0.6816140822337187 
-0.1033839764437138 
-0.3375870908433437 
-0.1526281454530121 
-0.3808997071390285 
-0.2679718328881945 
0.5721018509846352 
-0.4409146590531636 
0.5909953256847187 
-0.7006473961016 
-0.08999874096560491 
-0.06809132919603766 
0.6443154862111766 
0.3296395120977189 
0.1591472920237355 
-0.1372070753611507 
0.5147070071015387 
1.138616281388162 
0.2024036643382041 
0.3965018826681816 
0.1929690221382371 
0.2007561230060047 
0.3285056837281387 
0.04053494172778485 
0.5371376597969678 
-0.2405076120840467 
0.1889615022699088 
-0.0001543085485782985 
0.2070437617712643 
-0.2019039481412746 
0.1292481323235519 
-0.1805986780309755 
-0.1933446940791108 
-0.761966150532687 
-0.6638231783037646 
-0.2370757348069444 
-0.6329557001203988 
0.3644937080318281 
-0.3245943174105346 
0.01878490104739293 
-0.5495971917639417 
-0.1142166491925584 
0.5298925164300017 
0.359102153238899 
0.3789495916762772 
0.4190298868990126 
-0.0293707986224559 
0.3849847211782712 
0.3067472796161521 
0.2255739381910964 
0.3137674787482045 
0.07623503638017999 
0.2078892538555051 
0.6971654468250843 
-0.345611142663583 
0.1444891695291438 
0.3497380655340143 
0.2747577187389993 
-0.4039541114467074 
0.5076516101170634 
-0.3905212771430178 
0.4613385543156384 
0.00928929463749527 
0.5834966081989315 
-0.0136628427127788 
0.3459045010266566 
0.5765372401709605 
-0.0393707338972098 
-0.07278640073288396 
-0.02041750945600595 
0.3578918887072873 
0.3480264031299209 
0.3719908134149841 
0.3427389555005199 
0.3701785953179605 
-0.6234891886864642 
-0.01185038777500135 
0.5973799827271057 
0.05714667314329699 
0.1466698703523011 
-0.07096192783018612 
0.08056256730681839 
0.09626692125076604 
-0.389789025906868 
0.3792559652643388 
-0.719190385500511 
0.1516503897323018 
-0.1580873019669273 
0.006602290915285615 
0.1137330228347161 
0.1940829663448453 
-0.5359586042594916 
0.1684745269383611 
-0.1025724708818515 
-0.3812864768282105 
0.1387877413402461 
0.0216401388246489 
0.3602538158908807 
-0.2184305141222879 
0.03686093463457977 
0.1726897553377417 
-0.2579427889996349 
0.2351132245759574 
0.4492967278475467 
0.1963496720571778 
0.1384890771859012 
-0.07235473799622805 
-0.6152828003359263 
0.296623331028215 
-0.3622913847579981 
-0.0039411036782856 
0.3644819247519401 
-0.6028439593633393 
0.3100615733793896 
-0.1875815397313153 
-0.07453158197566266 
-0.3403225570253273 
-0.06605095539188148 
-0.3290149637301155 
0.2433438856600464 
-0.6162251000199684 
0.396161004895359 
-0.5473304271461601 
-0.215611239816768 
0.1363774838795968 
0.2175796873531716 
-0.2523379575305527 
-0.2543849284036693 
-0.02924763289211487 
-0.512539478122833 
0.4114700518104522 
-0.3940764396997701 
0.4425997251754802 
-0.08688040464407179 
0.375552714764977 
-0.03176092942469409 
0.480604416792229 
0.4703137992709339 
0.1605975203546146 
0.04762052456153385 
0.2187391441354495 
-0.2926604132194098 
-0.2621622666607783 
0.09255664193995297 
-0.3047764348390887 
-0.01324457053390119 
0.4228495803794771 
0.2424290182061964 
0.1816867928860764 
0.8244458975915379 
-0.2032305623301013 
0.4977591333626481 
0.1576149060484789 
0.4296969392488337 
0.5069028549820824 
0.4417765139537151 
0.3059859217350092 
0.6157363181828859 
0.6009844273340241 
0.4230298719648204 
0.7563583470548095 
0.1381104266933509 
0.3431625131308709 
-0.6345332717833903 
0.3623280894517771 
-0.2578451850959127 
0.6831082210913001 
0.3771200347407896 
0.2506150154572699 
0.3074388640385439 
0.1583230850552275 
0.6154775850272457 
0.3441043231393781 
0.5068371304258206 
-0.3474488042071243 
0.3963187735170081 
-0.2867760961080155 
-0.0734148235348981 
-0.2614825187359152 
0.08228826015692253 
0.2955837903375825 
0.08990138179825397 
0.3803209962155588 
-0.03438827510303398 
-0.1951497610287213 
0.037461368685623 
0.2413329920781977 
0.1790396120008209 
0.1777214573706951 
0.1867826741829097 
-0.2126245480664681 
0.1833091179102353 
-0.0535009600514743 
0.6264796914903868 
0.1408244233124421 
0.5058742475005537 
-0.3621901392966769 
0.001851950275920825 
-0.2601955028847217 
-0.04579508031994824 
-0.5899508006111598 
0.08335826525141676 
-0.8259678543204487 
0.1834981328745057 
-0.6272386126522461 
0.2101503656725405 
-0.5070437303655568 
0.1430110680846209 
0.2009421573989419 
-0.1636385990205845 
0.1049487751679666 
-0.3318063153767518 
0.296646051773488 
-0.3372208888883855 
0.4398581255037723 
-0.4048983229329456 
0.3584090902885945 
-0.8177094431546607 
0.05489126421210207 
-0.6487199895383284 
-0.3502604256905723 
-0.3250607499609865 
-0.01634377550609632 
-0.2194795289656983 
-0.08373079881682433 
0.5228968111607866 
-0.168860679231535 
0.2802364049799739 
-0.2217835333516594 
-0.04050004910758811 
0.1887331256220759 
0.1966499785561881 
0.520001862421585 
0.3534296724363375 
0.594564112100832 
0.08997009899521256 
0.4786360119317637 
0.9394685665457748 
-0.0644250872953922 
0.907158971331282 
-0.03826047210278253 
0.5522484621367862 
0.03613341436156433 
0.354296576043346 
-0.3107176022573848 
0.335204581475757 
0.000505897393534251 
0.5760327640945391 
0.1647845560949279 
0.2168823549603131 
-0.1429251888975762 
-0.4798680066220796 
0.1650312982111097 
-0.1362909316767027 
0.1027428111911349 
0.2188670065501168 
0.2670295602432687 
-0.182733998701595 
0.06928755947297709 
0.03375547024875162 
0.4775230001120522 
0.1254859378996793 
0.4984368058681952 
0.3534442083663097 
-0.2588940269747134 
-0.1474046747175112 
-0.1242280087550952 
0.3368615501204206 
0.4935761771733034 
0.6410512769590005 
0.03651091431323761 
0.7477307491320022 
0.7825123675511781 
0.596034846275878 
0.7532367307794712 
-0.003629526727715581 
0.7960557047266509 
0.5887697430651315 
0.3867877247715402 
0.2672714528393414 
0.2970423567700877 
-0.02351770049712515 
-0.09359241455800713 
0.01047144191280868 
0.1364628084658628 
0.39733972878587 
0.2667243222384588 
0.1149104257665106 
0.1102621737209414 
-0.1607094742082649 
-0.06966003528901049 
-0.1948637760397162 
0.03743428815087053 
-0.4710739835827675 
-0.1045209553704832 
-0.5228099730154752 
-0.0002223193920722018 
-0.3944703533029082 
0.09832472111125001 
-0.1638265965467657 
0.2250385953943209 
0.1275660201857141 
0.4099320409505963 
0.4526731975055278 
0.5740853200143899 
0.2918085083471373 
0.3026982231491201 
0.4155152223732511 
0.2888579244348061 
0.3817259722145782 
-0.1802695563915577 
-0.2484607663339937 
0.6897303115581239 
0.06143549433645434 
0.3308191297445429 
0.1239751124017817 
0.7664399705421526 
-0.05202882502012901 
-0.1342521148764953 
-0.1735019331996659 
0.198855581163399 
0.05020775486665009 
-0.02319380039335182 
0.1121041445277104 
-0.4470521617796778 
-0.1312703037117758 
-0.3555744307576503 
0.5417114972279867 
-0.3119626055718987 
-0.3435438773100717 
-0.02071263707566897 
-0.02576913740815952 
-0.3518439052867992 
0.1256372276490894 
-0.2502824262284068 
0.3978130646859963 
-0.1541642559927993 
0.8243409753536358 
-0.5099990325795695 
0.8043515339798317 
0.4832824183994689 
0.2393171928295418 
0.1885059213106751 
-0.05570675728782935 
0.3804807353767968 
0.09721517153026898 
0.5680836284449511 
0.1402334817771503 
0.6095510526566323 
0.2132840821719772 
0.7543567053620426 
0.3101672471783936 
0.3366066250259149 
0.4331722380434075 
0.5271432148871787 
0.4200663056311131 
0.3096567038310238 
0.2093122850584915 
0.02658125255766392 
-0.1787429877040441 
-0.1223838788509743 
0.1960058501594378 
-0.01319900400394804 
0.2139806681254778 
-0.07282565068247666 
0.2350289909495267 
0.3034201946752507 
0.4462563592716025 
0.5234182941634693 
0.3018425492668905 
0.4618847518263492 
0.04965331967113465 
0.0332291219658133 
-0.03444359991086879 
0.07617975243055779 
0.4948684438214748 
-0.1823237219602878 
0.5571322417333784 
-0.000491292732383518 
0.2653466588365988 
0.09130893622084971 
0.1544363116976132 
-0.148542008961507 
-0.5760296348669088 
-0.5461005557649657 
-0.3753698289812315 
0.210552023981068 
-0.167553564565224 
0.4282916361165643 
-0.1749318520251909 
-0.8912900655058397 
0.06624720561723312 
-0.4525224385536783 
-0.4879921233541528 
0.5887587059560726 
0.2645147635930065 
0.6538817514693693 
0.08870245690420947 
0.2408327211259409 
0.3491747542485378 
0.06650076404211795 
0.06912519340488806 
0.1865972043227291 
0.7922617102052972 
-0.3540947708478964 
0.6391944376862262 
-0.2704954071685114 
0.329384682240787 
0.590874302634129 
0.5440764591698432 
0.4849297892390102 
0.5013813324653177 
0.4696578003952056 
0.06819648614035868 
0.8288855366963788 
0.1237882116129414 
-0.1382401850182527 
0.3608788463593449 
-0.3484070372196054 
0.2068865894578323 
0.01738199843568981 
-0.2932712978984593 
-0.08784882464422231 
-0.1334037480084905 
0.3525469233742951 
0.2670268260399794 
0.03849224857932695 
0.2269765820589942 
-0.1354586985653605 
0.0850859784877544 
-0.291802119581241 
-0.5459884642853067 
0.2139828744021991 
-0.5525277399800984 
0.6169333588099382 
-0.0931048229566644 
0.06642028457802723 
0.06867365284570655 
-0.0006868150351979829 
-0.1725216401394708 
0.3450888727619743 
-0.08434750725073059 
-0.1214120588203316 
0.1259320631941249 
-0.04788483673681186 
-0.3784983775534481 
0.25941222261651 
-0.2311207065776472 
0.3435861775390133 
0.4014448500574738 
0.1475099934815773 
0.4924956919102655 
0.8810004039659645 
0.3490634822496027 
0.09001487417325667 
0.6324875701051339 
0.2949517534967863 
0.1932776259287218 
0.1688689116635028 
-0.4000627414074891 
0.5522384109315817 
0.1645111927815916 
0.6742966406565855 
0.2455419684231951 
0.3063580084845487 
-0.2305112259246802 
-0.2205642886893867 
-0.3825706684327594 
-0.06156151020976117 
0.2139800660589991 
-0.1220094849984469 
0.2850857519077933 
0.1639061222405916 
0.01388626375212187 
-0.1045280306428486 
0.2592209215092571 
0.3362522960738981 
0.6488053632891359 
0.327320651278766 
0.6295289590245005 
0.4242865849572784 
0.3886936391088327 
0.7641100178365405 
0.3786757494956478 
0.5719551861704029 
0.1864131462987944 
-0.06567756595327663 
-0.3157210064476434 
0.7256594481481987 
0.1603417512916623 
0.9029842432133334 
0.001269737290057733 
0.1201098138271109 
0.3033362525045292 
-0.4260160323671911 
0.0441154174381265 
-0.2635902889157274 
0.1053395646491043 
-0.2203618383671925 
-0.03333093083386068 
0.4314629479300281 
0.8048289773434713 
0.3447217076213968 
0.4409109479399251 
-0.150555252346865 
0.5847628385281246 
0.1620300082335293 
0.0146311086744617 
-0.1165578196761834 
-0.3703350921741941 
-0.1197059311820631 
-0.1469524230829 
-0.2024714054984175 
-0.228239303669777 
-0.1714363601685431 
-0.2471460358958631 
-0.4031999830766149 
0.3109368679167306 
0.6939976031252683 
0.5601325055127473 
0.4410663199003669 
0.1460399265655182 
0.3898165826949931 
0.03097415196435518 
0.1229495917800019 
0.06689251170198705 
0.2880964506014049 
-0.1958507762598217 
0.06918049113922668 
-0.2225275585425948 
0.4518327898264038 
-0.3217868640966744 
0.0205459674188129 
0.6064046121395812 
0.0293426810359495 
0.4039336661118521 
0.3038202270874052 
0.385869351130712 
0.5883732229408308 
0.6007375431557421 
0.558965171436367 
0.3230378179260642 
-0.1580729497146069 
-0.06706875131761242 
0.2283437275318265 
0.5616841282781289 
0.07664248694697542 
-0.01242488539706701 
-0.2949243268450973 
-0.1190557840273057 
0.08245441242920992 
-0.8062942384500956 
0.1194440631900838 
-0.3461357647588989 
0.1097826098880332 
-0.1012556543371577 
0.01736920692190421 
-0.04570487222071185 
0.3348538455680808 
0.5334121994382564 
-0.1065664485424525 
0.3379233059351536 
0.008844453678117419 
0.7909753231809677 
-0.09392094525471816 
0.678505250743609 
-0.1833529031263693 
0.5579608279172531 
0.3032152681904706 
-0.07665684446383274 
0.5319893199712203 
0.06141597067937209 
-0.0511435671398205 
-0.1048759483493763 
0.03918233997272958 
0.6933662000225604 
-0.3030961590044056 
0.5755104360640623 
0.2354885301043255 
0.3492256354245906 
-0.07862026960183655 
0.5779731403331757 
0.4850903136543011 
0.0005973599059365166 
0.6872443553773717 
0.6641036255283248 
0.403420019147441 
0.1144675492436611 
0.5097805682746133 
0.0530816264414025 
0.6640534588066371 
0.3386839420324752 
1.152612732425413 
0.3847897542430312 
0.5675830077391794 
0.24924016145859 
0.6416610802768958 
0.6576883340274223 
0.4036234132837342 
0.2857538400118808 
0.446363394787565 
0.265220888009439 
-0.2356149805045463 
0.1542262457782839 
0.2247686111932259 
0.3569775188378301 
0.2672895057480317 
0.2157639855630792 
0.1081309011067647 
0.1023435955759884 
-0.06187896123331597 
-0.297513746848605 
0.3806678499046231 
-0.8285416227865098 
0.4282413112914546 
-0.235423927876732 
0.8161340873816861 
-0.3946704536666976 
0.2748766910250652 
0.2282299880553133 
-0.02605709787024815 
0.2042234061805205 
-0.2679213147981941 
0.1956813507426792 
0.1353447691616441 
0.2030182823105254 
0.2606471547322713 
0.1320952392862107 
0.3772193990119824 
0.3864564193918935 
0.2319517415109901 
0.4552236580072123 
0.251910732561132 
0.5201507010241218 
0.426792115682767 
0.3330039632830024 
-0.09339046990729499 
0.2806826045410788 
0.2326156837912599 
-0.04678661660335846 
-0.242284357880268 
0.5560436977464929 
-0.406488703744856 
0.6676330519978595 
0.1103593609667753 
0.7819082364614802 
-0.1742292116193842 
0.1905844815076266 
-0.2221207287837284 
0.1845559710355976 
-0.1196305341830864 
0.3192184336236454 
0.1741434857444006 
0.2352809017557749 
0.2194359664533988 
0.3433868499047183 
0.2568013162735999 
0.3780571862729978 
0.2208122037412808 
-0.0635545143437007 
0.4252319734613293 
0.1804536667130755 
0.4036843971760641 
-0.2430543093330496 
0.3849776702489139 
-0.391020462395787 
0.4138409675274362 
0.1142507684944923 
0.4557000020215932 
0.2477833889306239 
0.3581179236811153 
0.2797028092236169 
0.5398706180508157 
0.5327345248398285 
0.3216131148127073 
0.5344963573223321 
0.8286039495843215 
-0.05012872193591052 
0.5534020986387799 
0.2870879286061792 
0.5479745735189544 
-0.359533885452817 
0.1742304688607703 
-0.04802973528726412 
-0.3407744555146409 
-0.29330123452812 
-0.1709712679896052 
-0.235548648991704 
0.3491391892423508 
0.1095938548252435 
-0.1561331096280177 
0.5182659816974116 
-0.2761079074685414 
0.276084812126965 
0.1454730234012611 
-0.2939391091457035 
0.6951703672399981 
-0.2995936296935412 
-0.1331543820572442 
-0.1529636234094229 
0.3358733521556842 
0.331725716178747 
0.4605287433938204 
-0.3294307730546838 
0.5984149039351599 
-0.2632943252706138 
0.02666656294020433 
0.1499089604925559 
0.5101421326636741 
0.219945418691375 
0.4837206087896787 
0.02614039124271431 
0.235801250694501 
-0.04183463194150732 
0.7256830111531275 
0.7359727590065691 
0.05424952168750997 
-0.02905969394710175 
0.297656443297328 
0.2922070838258146 
-0.1769423130039083 
0.6176460354336599 
1.031382901863727 
0.2745786743896569 
0.8796699869931985 
0.2897460014618427 
0.8367777322289967 
-0.1235067121848629 
0.398296542126964 
0.5343994661229834 
0.2182750981712978 
-0.1892563045009926 
0.6191060736555343 
-0.1812760539662635 
0.2813012946047815 
0.3466827831304841 
-0.1845519562443526 
0.3074868127783377 
-0.2677692199400819 
-0.05804114511247667 
0.05579077434583109 
0.3282941016564767 
-0.4262758455530426 
0.2084092384071272 
-0.03028028875559258 
0.5443451519617023 
0.2879306479897975 
0.1734809189029177 
-0.03015050817653594 
0.182665172233314 
-0.2711573107409545 
0.1155949972108393 
0.4719935672869344 
0.1371934226910394 
0.5821120991322657 
0.3549794152143519 
0.935747117289266 
0.3765762794319845 
0.7575366439406661 
0.4265740247916813 
0.2311268839770733 
0.799804561447669 
0.3978658592602795 
0.2216091203067054 
1.127488817129898 
-0.129007358438748 
0.4520879963374745 
-0.2950437107395426 
0.2674396877304223 
-0.2116644444519568 
0.1781199013503394 
0.5950450364455644 
0.6974565164475162 
0.5500120973913127 
0.7438012115687007 
