solver_type L2R_L2LOSS_SVR
nr_class 2
nr_feature 1984
bias -1
w
4.182872581314719e-07 
0.001969395648494737 
0.002261371689679552 
0.002259612325339643 
0.002259828601488478 
0.002259321638703276 
0.002266061767105272 
0.002259613687195292 
0.002256188362436238 
0.002262305495213379 
0.00225211003083913 
0.002258340624649371 
0.002260505457777043 
0.00226161304317004 
0.002263279319564884 
0.002267349262351956 
0.002260761303111271 
0.002266762970747174 
0.002260042370280279 
0.002256662034141707 
0.002253731460589084 
0.002263496326422475 
0.002255091587144419 
0.002258877644821832 
0.002258705398533915 
0.002261219634262968 
0.00224799177933043 
0.002256523613341737 
0.002252693657705411 
0.002266188906260337 
0.00226143867859047 
0.002274332922099427 
0.002259977672632972 
0.002269021552439218 
0.002265216115271352 
0.002268504670419867 
0.002264421110075737 
0.002267776821268297 
0.002260904646368461 
0.00227013739056494 
0.002260660715586425 
0.002276349789652073 
0.002266970590719411 
0.002272641367116054 
0.00226112116404295 
0.002268872589078044 
0.00225651040940908 
0.002274123472128172 
0.002259854711535259 
0.002266081821883514 
0.002260153193867423 
0.002257330042522719 
0.002262196931731985 
0.002263057857150204 
0.002262357267671548 
0.002260665162592993 
0.002260789987648464 
0.002264187096334993 
0.002262281501293648 
0.002261535602854202 
0.002262304734375432 
0.002261017713567144 
0.002266423529668736 
0.002264145563431354 
0.002266765110539666 
0.002256883967687993 
0.002262829813918738 
0.002260686916746042 
0.002266227944367509 
0.002272444538605459 
0.002264798068907349 
0.002272849538920593 
0.00225872232504613 
0.002271336390811015 
0.002257645833221411 
0.002277402488233084 
0.00226377967897475 
0.002266558669698745 
0.002267976958941948 
0.002274634335147581 
0.002266510070091784 
0.002267436731289616 
0.002258116321753925 
0.002268603385257939 
0.002257040717960825 
0.002268581607524625 
0.002261154886321185 
0.002265956733992773 
0.002259592250319717 
0.002264220189038929 
0.002255563191563891 
0.002267504828194536 
0.002260994139533069 
0.002261190216950398 
0.002251494148553352 
0.002270829417700166 
0.002252598035402803 
0.002271187574845766 
0.002250105259764128 
0.002268988803806993 
0.00225826893353202 
0.002274526256191833 
0.002257296504896567 
0.002269061027834958 
0.002255338037640961 
0.002264870650392992 
0.002254951175302538 
0.00227115997801055 
0.002260636170852985 
0.002274665973112071 
0.00225620809713081 
0.002274576864618048 
0.002259886074491903 
0.002266468717110309 
0.002256690983072781 
0.002274122302504093 
0.002261619706443743 
0.002268737771801673 
0.002261962144923108 
0.002265899839736108 
0.002261221697216126 
0.002267274593326978 
0.002254798317268963 
0.002263450043980547 
0.002255270139271196 
0.002265664055306901 
0.002256471092820422 
0.00226531877191052 
0.002257986466506634 
0.002263410326290194 
0.002257091502380531 
0.002264049553980105 
0.002251807628300994 
0.002259603760813308 
0.002245967148623797 
0.002260301333012749 
0.002243149198755363 
0.002264933107710157 
0.002247917090603 
0.002268201588882323 
0.002254492328241446 
0.00226888210712419 
0.002256405842311841 
0.002269612280310502 
0.002263439919023388 
0.002268175695593983 
0.00226307105532153 
0.002275074431944545 
0.002265215714566077 
0.002278280387959611 
0.002266282494227758 
0.002280594768967663 
0.002270575297607912 
0.002280459292503201 
0.002268835960087031 
0.002281114922661219 
0.002262601291945166 
0.002275196766838683 
0.002259866198684472 
0.002271737971121976 
0.002265201528996196 
0.002274714971874665 
0.002258448318283547 
0.002269507193142916 
0.002259315069749557 
0.002270598511409134 
0.002263482716632274 
0.002254089445162929 
0.002266587571246722 
0.002265273163675848 
0.002255963909163682 
0.002266012702711726 
0.002263996052191876 
0.002268752180721491 
0.002258159469196506 
0.002276576449397594 
0.002255687078922802 
0.00227083966981283 
0.002250277952568895 
0.002269680517890429 
0.002252688098430497 
0.002273717607042548 
0.002251203919281863 
0.00226654489248984 
0.002253688614961725 
0.002267670889361844 
0.002248123443055027 
0.002267262435043547 
0.00225993847607561 
0.002269038446221849 
0.002257128527329806 
0.002265926513396522 
0.002256379596034358 
0.002270096152200361 
0.002263792776407916 
0.002267774599072392 
0.002269856010053347 
0.002264168977748671 
0.002266785192460333 
0.002262135065343183 
0.002263981987889679 
0.002262130406872073 
0.002270068174960734 
0.002269313371689081 
0.002260282205343972 
0.00226263047397755 
0.002260388508833601 
0.002256516842125356 
0.002264825178116708 
0.002254300488228663 
0.002266376241761177 
0.002251314445398209 
0.002270780032716061 
0.002252800672850708 
0.002261247861842985 
0.002264847907180148 
0.002268850502946135 
0.002257874454554515 
0.002266012108214067 
0.002263921344147956 
0.002267090097797522 
0.002258864062826321 
0.002268155169883789 
0.002260554901582846 
0.002261915423685388 
0.002262097554344436 
0.002262076011008118 
0.002254288519847008 
0.002262291178858032 
0.002260481599306884 
0.002266273928859831 
0.002253302679387496 
0.002262030162736807 
0.002261610242164049 
0.002263899208017688 
0.002266054733564509 
0.002264533947094475 
0.002269099807093307 
0.002261694675413932 
0.002268431680564461 
0.002258250478734227 
0.002270541459511006 
0.002266832502067898 
0.002265056585499367 
0.002267247945868365 
0.002265624303400196 
0.002262672312119382 
0.002265280319765184 
0.002268245899464186 
0.002264501746328674 
0.002258241144750484 
0.002266829138235598 
0.002273940758329921 
0.002265039705038132 
0.002277938275082424 
0.002268551253213058 
0.002278827741901166 
0.002267650175140508 
0.002275813838232069 
0.002262871225733482 
0.002269217641844025 
0.002274385008785437 
0.002277424397321181 
0.002265708266879636 
0.002269620176267618 
0.002265382136416867 
0.002268975398606799 
0.002264281782805493 
0.002266850325367667 
0.002268657640737077 
0.002265711799966093 
0.002264479649107235 
0.002267186026100291 
0.002260306804796005 
0.002270343459174832 
0.002264918486134118 
0.002271073320149473 
0.002263945970878378 
0.002271737226375775 
0.002263762014351961 
0.002261491653900581 
0.002259472654834492 
0.00227191653162045 
0.002258165523471197 
0.0022661791132773 
0.002267141671813999 
0.002266863400649192 
0.002263354840925074 
0.0022642095286235 
0.002261436861016305 
0.002262754764720422 
0.002263361149142489 
0.002265762378800922 
0.002261362284250668 
0.002276093922446795 
0.002256660040663543 
0.002272745396498392 
0.002257438536956607 
0.002268546827828446 
0.002252707189904969 
0.002271184361455889 
0.002253208409891136 
0.002273762706413516 
0.002247524930986547 
0.002267606115422983 
0.002254555565770089 
0.002257538172362696 
0.002249212689300752 
0.002259060107407744 
0.002252367284252306 
0.002262201147943807 
0.002249396535219708 
0.002259533520658628 
0.002252655848150698 
0.002259658020813034 
0.002251346489122795 
0.002259374065777829 
0.002258819407957455 
0.002265709510941233 
0.002255507340662028 
0.002264341693285751 
0.002257216522577154 
0.002259033535033157 
0.002259522458445358 
0.002260788761694406 
0.00225696569435484 
0.00226425068072959 
0.002249429849864419 
0.002267370469999772 
0.002253284294716296 
0.002268088843213501 
0.002253206127937096 
0.002264680010336019 
0.002250658932663473 
0.002263332569848734 
0.002257339877968182 
0.002259280390996392 
0.002259461616076123 
0.002258640362887658 
0.002261148175511222 
0.002261129312286033 
0.002253229324488338 
0.002261503434518385 
0.002251817955875775 
0.002259837275856038 
0.002255455374615685 
0.002258280532252486 
0.002248287113651813 
0.002257079024456831 
0.002257664023200154 
0.002253265973712191 
0.002255693881510431 
0.002255389112374214 
0.002243455188914886 
0.002252852086782988 
0.002240732484708763 
0.00225293354520447 
0.002250756975590705 
0.002251992383166336 
0.002260938384823262 
0.002252248708852839 
0.002255504987954483 
0.002256246018398926 
0.002258537608789736 
0.002256415289997947 
0.002256478304830392 
0.002259715083117301 
0.002257989812132359 
0.002261715393383815 
0.002254443070200941 
0.002264277418158325 
0.002253159372640828 
0.002263116280307244 
0.002255268452935522 
0.002265830091968775 
0.002258914014867735 
0.002253094540064307 
0.002267454738356143 
0.002260647671730013 
0.002257439631935077 
0.002249926228954037 
0.002262795509754665 
0.002257762882629456 
0.002259928854848262 
0.002263192444491699 
0.002258342079010619 
0.002265932014810075 
0.002249600567516727 
0.002262100962335643 
0.002250570230551606 
0.002261327295758947 
0.002250662146276714 
0.002262563679953717 
0.00225510640907063 
0.002259751466092626 
0.002247270853766942 
0.002257478765140735 
0.00224623382885709 
0.002260179777039207 
0.002250686135166322 
0.002257362611840339 
0.002249241468263492 
0.002261534022584838 
0.002237294501339163 
0.002264788286438174 
0.00224792950274919 
0.002261860064985186 
0.002246749484916675 
0.002261374052143393 
0.002250718614255874 
0.002259734394325867 
0.002258153647408602 
0.002257050851833717 
0.002257756706421559 
0.002256834457152463 
0.00226042220965255 
0.002254073527886098 
0.00226805208664071 
0.00224988725845925 
0.002266281943813751 
0.002254273537656299 
0.002263148086557355 
0.002253504597138585 
0.002265975946856016 
0.002262145765104415 
0.002263471108113277 
0.002263983115298646 
0.002258069966186945 
0.002257826554665358 
0.002254484948846384 
0.002261291801683169 
0.002252600291429576 
0.002257458780987828 
0.002261294403364758 
0.00226024706413936 
0.002261979649193371 
0.002251038891713937 
0.002251868946649359 
0.002265508665311937 
0.002251949673585597 
0.002254793551122461 
0.002254936778531093 
0.002259847793818822 
0.002258434974519865 
0.002265584950019935 
0.002258194633246027 
0.002266822308796718 
0.002258518013942556 
0.002272959688311983 
0.002253881313690563 
0.002266164967949907 
0.002253200894421385 
0.002270723844777041 
0.002255488916134766 
0.002273380406655138 
0.002257311277137191 
0.002262677643822962 
0.002265792013865991 
0.00226069586584449 
0.002257602558513171 
0.002257470342762324 
0.002263017428043742 
0.00225942998224472 
0.002266673625333376 
0.002254635277564193 
0.002262293174483975 
0.002260091161977338 
0.002256266784697434 
0.002256801372196864 
0.002256608552096788 
0.002253154537294746 
0.00225461810134152 
0.002251139052714209 
0.002254393467592737 
0.002256347607320822 
0.002265059672238155 
0.002254974353497119 
0.002271484804178763 
0.002261288792598874 
0.00226262235035483 
0.002260555926390121 
0.002260175804383708 
0.002273496305141723 
0.00226470485723073 
0.002269900184318313 
0.002264367226586625 
0.002267491339659634 
0.002267534604435518 
0.00227193622212528 
0.002269749254128393 
0.002268130807443975 
0.002267715906780635 
0.00226440776295981 
0.002263082082123596 
0.002268950140750556 
0.002263570947186037 
0.002263113267171224 
0.002269789749076301 
0.002258352540909364 
0.002263845884562069 
0.002255451056388933 
0.00227601282927847 
0.002256998321885005 
0.002282636688030517 
0.002258708182369405 
0.00227861846220688 
0.002266170639878883 
0.002274333907854714 
0.002259974187332013 
0.002268914362663457 
0.002262789939147139 
0.002268151751188952 
0.002259446269044806 
0.00227026934077051 
0.002260287509087034 
0.002268023661574939 
0.002251998035106276 
0.002268991321872404 
0.002260957293373431 
0.002266944078704873 
0.002256914998949251 
0.002260529769918113 
0.002266787305835904 
0.002261753967045133 
0.002260278625548724 
0.002270574427073329 
0.002262513407726272 
0.002267207230543629 
0.002260961686675999 
0.002269190122332194 
0.002256854219053987 
0.002271219538142598 
0.002262464039866962 
0.00226070872159492 
0.002265114665860038 
0.002253530284661138 
0.002258830027611371 
0.002254024819418863 
0.002257238054153667 
0.002261643695813981 
0.002263480171643166 
0.002254395062641714 
0.002255507380783764 
0.002264657113595649 
0.002256888369280655 
0.002268434181217786 
0.002258832134233152 
0.002264150395000336 
0.002257625411999919 
0.002264831067865774 
0.002248236870821573 
0.002269542384207178 
0.002254645845680635 
0.002267812792212998 
0.002256756563710157 
0.002271035358958038 
0.002257659970790608 
0.002263305128358024 
0.002256013718174665 
0.002260239468018299 
0.002250294249204145 
0.002264557588845419 
0.002249596338480191 
0.002259939675520682 
0.002253744993487257 
0.002263455053684132 
0.00224840920059843 
0.002262914004982713 
0.002249318252009434 
0.002260298099609282 
0.002251850676087402 
0.002265237413764168 
0.002253375215277749 
0.002253095444648619 
0.00225289813228187 
0.002255440301927179 
0.002258813603775694 
0.002249656014097461 
0.002257701099093023 
0.002254166516868732 
0.002258307045155603 
0.00225237441372653 
0.002250534185783476 
0.002256546846528287 
0.002260573590623526 
0.002260246109084729 
0.002248405369565964 
0.002261663061275382 
0.002248009703155565 
0.002257300899920375 
0.002251149092689166 
0.00225633723640949 
0.002258678872910105 
0.002261275488772645 
0.002257584029339137 
0.002259829065809777 
0.002255990053717368 
0.002269593639130818 
0.002255532617705656 
0.002261265272371722 
0.002258481011162605 
0.002254216258456065 
0.00226363664050833 
0.00225123868469291 
0.002267872031425307 
0.002251355224226079 
0.00226471862339868 
0.002248866398735245 
0.002272975411592392 
0.002244455891466248 
0.00226932458533443 
0.002255626033861125 
0.002262462109272812 
0.002253398292992698 
0.00226798669394665 
0.002248982782959633 
0.002271488533984202 
0.002250696365994504 
0.002267860037308977 
0.00224847323870727 
0.002257167435627049 
0.002245230490040245 
0.002253695562868829 
0.002262936240533555 
0.002259956531687493 
0.002265787812425275 
0.002269631869143148 
0.002264184969947787 
0.002252190101268835 
0.002271641118704684 
0.002249631126938924 
0.002265367526554489 
0.00225326582111003 
0.002262054971206527 
0.002254705362999871 
0.002265508396833987 
0.002257939917224634 
0.002261229243142854 
0.002254644307460569 
0.0022562457151603 
0.002260475610612625 
0.002253994441014736 
0.002257279301099917 
0.002251601008380247 
0.002270347578984967 
0.002242558186689227 
0.002270144421756223 
0.002252847298651566 
0.002267870338666861 
0.002251241789641553 
0.002262609592686305 
0.002250783440247381 
0.002271864423724484 
0.002250735975147769 
0.002272966892279207 
0.002244076455730225 
0.002268134155090798 
0.002240813581007314 
0.002274975636944634 
0.002244547487738498 
0.002268755710521455 
0.00223886946742101 
0.002264586236304757 
0.002242747998500105 
0.002265748667673197 
0.002253402257680242 
0.002267272028711927 
0.002244313611468414 
0.002270917370348691 
0.002251505519949869 
0.002264540423399017 
0.002252634679362536 
0.002270656715952865 
0.00225713367131904 
0.002272480048525356 
0.002259902345544312 
0.002267232013677479 
0.002264932287338961 
0.002272417462190114 
0.002257123098654222 
0.002268542594613945 
0.002253045351035634 
0.002269076607296047 
0.002250098134439366 
0.002269327399003751 
0.00225211743970367 
0.002269343792703978 
0.002246346669969325 
0.002271423562042449 
0.002251371748089493 
0.002258771248539854 
0.002243469975924136 
0.002262331993583714 
0.002249692911395834 
0.002261157845284554 
0.00224816978411501 
0.002255518987521005 
0.002250786152929638 
0.002262296607044413 
0.002247902901737756 
0.002273579018257445 
0.002239500084811634 
0.002263048309828466 
0.002258468965963882 
0.002265687244279432 
0.002258726891049118 
0.002270311211268599 
0.002261214626395512 
0.002270042230432666 
0.002266291306905322 
0.002269076618734283 
0.00226408919024547 
0.002266566684353638 
0.002264206700973177 
0.002276689283042753 
0.002248588494632141 
0.002277665161893281 
0.002259731647994148 
0.002267655714157305 
0.002251474767662979 
0.002278513863776213 
0.002255793967142226 
0.00227376646312431 
0.002256219219047172 
0.002273131881646271 
0.002258440769784549 
0.002274871234361233 
0.002258308573293894 
0.002272647711209704 
0.002256754017661977 
0.002269385273354544 
0.002254930369210767 
0.002269998645057235 
0.002251131043570325 
0.002271323042512285 
0.002250735227695656 
0.00226179517023167 
0.002242342228971113 
0.002265189649355087 
0.002240774040944999 
0.002267149506497935 
0.002244305682862777 
0.002266020620773158 
0.002247884453021741 
0.002266391049183532 
0.00224604393858152 
0.002259549016154049 
0.002249358350882527 
0.002268785454780523 
0.002242861315033724 
0.002264794849850348 
0.002246443895788962 
0.002258617724412451 
0.002247566085370364 
0.002267857154602863 
0.002238905758622122 
0.002262907569107895 
0.002241125751645262 
0.002267556655284458 
0.002248444838761448 
0.002260890378109678 
0.002247721040409014 
0.002257062586834323 
0.00224330610921551 
0.002256528552859477 
0.002244429893735557 
0.002258390750786093 
0.00225225630134849 
0.002251033659909469 
0.002248498045728167 
0.002256566555509069 
0.002250428356532817 
0.0022692844281634 
0.002253418738195925 
0.002264784796310483 
0.002247978422326049 
0.002264919837114352 
0.002249150790568001 
0.002261333516984712 
0.002246199470853491 
0.002266214188699184 
0.00224362661003766 
0.002263799591728607 
0.002252503428044583 
0.002257588243480626 
0.002249179101041173 
0.002249697176678229 
0.002243184639816229 
0.002257449597945493 
0.002253180177185625 
0.002262352368112076 
0.002252623001951937 
0.002264821787788547 
0.002251562396925555 
0.002262477622774114 
0.002244476935795511 
0.002268122477757145 
0.002246899060006553 
0.002265947376285978 
0.002245262191268764 
0.002263217000727739 
0.002243353195369759 
0.002255855439617959 
0.002246429607446128 
0.002254013091252373 
0.002249475168330007 
0.002255564922645948 
0.002245907372664833 
0.002256710336875139 
0.002249418331792698 
0.002248686757617789 
0.002250179908944001 
0.002257706551667481 
0.002250892455520796 
0.002255312752411482 
0.002257226156393563 
0.002255456420424347 
0.002251741511700257 
0.002254013821361969 
0.002259604750631417 
0.002258231920275584 
0.00225637059525914 
0.002262418695192937 
0.002256865900398569 
0.002258624260017397 
0.00225185843081557 
0.00225391660345771 
0.002248915429766333 
0.002253683013423137 
0.002248944423499128 
0.002263678741923051 
0.00225493620241675 
0.002254715481883824 
0.002244273155108732 
0.002244024697695539 
0.002248150084685758 
0.002240911714991797 
0.002253207223153576 
0.00225546756723963 
0.00224435881178101 
0.002249409014204591 
0.002248422901882803 
0.002243591920496636 
0.002250068236793766 
0.002248656901568328 
0.002253921382624936 
0.00225284843237897 
0.002256560881226247 
0.002244772401170071 
0.002246807773173958 
0.002244569212850951 
0.002248880918344644 
0.00225576514169154 
0.002249440635448505 
0.002248811944211579 
0.002249844873684702 
0.002254415174724636 
0.002256926787815475 
0.002247431021627494 
0.002258962852634517 
0.00224571176445835 
0.002277253952921621 
0.00225066594321958 
0.00227107860981616 
0.002250992639173674 
0.002262940944937746 
0.002255399314332681 
0.002264757295455066 
0.002252116005036495 
0.002261961478502518 
0.002262725945988586 
0.002260949248574193 
0.00226043933724829 
0.00225907545630415 
0.002256107722641125 
0.00226279780512986 
0.00225141876499394 
0.002259274413725608 
0.00225264044765055 
0.002252691073676181 
0.002247792362175991 
0.002259122993142894 
0.002243347448532988 
0.002260331903588911 
0.002246072680377068 
0.002258896005026514 
0.002239272390448055 
0.002260781702891959 
0.00224395594952054 
0.002263432946547309 
0.002246663678964235 
0.002259343036420833 
0.002246549065211888 
0.002257186936604206 
0.002250753072864661 
0.00225495472989762 
0.002255504045899855 
0.002261554660331595 
0.002258687751477236 
0.002261674727157666 
0.00225959759982823 
0.002261657842722544 
0.002255677827918818 
0.002265854612808435 
0.002250874849171442 
0.002270489215550614 
0.002250066007169087 
0.002258378410912157 
0.002252552070062321 
0.002265339463380265 
0.00225508109707895 
0.002261609352351468 
0.002255212099252887 
0.002259872616516387 
0.002246167481054992 
0.002252559916352147 
0.002251385052402723 
0.002254247148298508 
0.002254252019473064 
0.002255237970948595 
0.002251882772365057 
0.002258706797847297 
0.00225114621868214 
0.002261796195972492 
0.002245333589048317 
0.002256105597929095 
0.002254756883001991 
0.002261719442900018 
0.002249528238928154 
0.00225740730156617 
0.002262585429865118 
0.002264899504436403 
0.002267843700006038 
0.002252126410313873 
0.002272237950946133 
0.00226457407413052 
0.002264729037049483 
0.00226483334137854 
0.002266216532679124 
0.002271588736040103 
0.002261062711571368 
0.002277425665850527 
0.002258887958677083 
0.002273146304357124 
0.002263523807005862 
0.002272665625209059 
0.002254800442369563 
0.002273076160053349 
0.002265543426547817 
0.002278755039475179 
0.002251528741263149 
0.002271573469226276 
0.002251126702707221 
0.002260274586044227 
0.002262996654059717 
0.002257071700307614 
0.002253835680367959 
0.002256284711242475 
0.00225644235876147 
0.002253434394875966 
0.002262008262448083 
0.002261921209389642 
0.002261183338719754 
0.002262182754896471 
0.002254724098780835 
0.002260928784847912 
0.002249397126458543 
0.00226077197251306 
0.002253129491502843 
0.002265676685147873 
0.002249757532506838 
0.002267903714171183 
0.00225028314475127 
0.002263794416298889 
0.002255997798935 
0.002263980784917902 
0.002249426137489637 
0.002266356726290241 
0.002255640723064209 
0.002265023630759536 
0.002250146336375531 
0.002267659953270413 
0.002253199969385354 
0.002268243282696189 
0.002247159124346816 
0.00225836225581887 
0.002244763964961398 
0.002260694201806662 
0.002250886268262358 
0.002256547705488243 
0.002246641039146932 
0.002249897977359814 
0.00225128434399075 
0.002251287300308565 
0.002253616618975383 
0.002258495994748224 
0.002254287612841634 
0.002251535647611197 
0.002253611520254384 
0.002259004609232496 
0.002248800400152856 
0.002263156190152103 
0.002253276879639558 
0.002254602181301184 
0.002253430939418411 
0.002254059364374785 
0.002255292322332589 
0.002250112800322759 
0.002255122842065008 
0.002250154406818089 
0.002259674654721645 
0.002258639125778569 
0.002255291834792187 
0.002251222701179078 
0.002258385322034884 
0.002259158206914287 
0.002252161826443067 
0.002264547531659689 
0.002256020612126387 
0.002263803938171582 
0.002257454663120055 
0.002258098591885241 
0.002258332014820342 
0.00225579540103897 
0.002247753175984009 
0.002262730125109348 
0.002248925862630807 
0.002259597721665447 
0.00225189932878075 
0.002261922006670567 
0.002249556637594378 
0.002253074787817989 
0.002256469422937604 
0.002250193046296777 
0.002255300083598784 
0.002255454059421407 
0.002255645165317008 
0.002253247001337124 
0.002257748257082391 
0.002254328936505651 
0.002265725378525789 
0.002255146692887413 
0.002263426712324202 
0.002258505810015373 
0.002265143908843758 
0.002253555369579053 
0.002260819839876573 
0.00224993756387765 
0.002266610444714048 
0.002250889760632502 
0.002273427594358322 
0.002248678082313698 
0.002267858407415982 
0.002244166531764962 
0.00226221530872984 
0.002238072060597846 
0.002256533040310783 
0.002244738368887746 
0.00226154132657675 
0.002253529467963154 
0.002255338109450064 
0.002248658698613415 
0.002258149646718677 
0.002244104813603223 
0.002252440359657082 
0.00224973866943701 
0.002253120023685707 
0.002248212148671116 
0.002254379304239699 
0.002248358115977169 
0.002242603035626187 
0.002252360438165466 
0.002245310321819356 
0.002247591515628263 
0.00225483630906748 
0.002249449069372711 
0.00224404958743574 
0.002255213793782927 
0.002251619769430893 
0.00224386035369042 
0.002250269002524369 
0.002253725814697377 
0.002255342666735996 
0.002248619716996384 
0.002256835623590352 
0.002250829633072906 
0.002253653902279495 
0.002246664619812082 
0.002258222201615459 
0.002247008447949659 
0.002259146722774333 
0.002241043247490331 
0.002256311377292884 
0.002232600480949825 
0.002260726504233327 
0.002243492241462824 
0.002251909721888134 
0.00223814313552679 
0.002253359999873232 
0.002239943087744721 
0.00225602294374772 
0.002239796652671638 
0.002253204192865602 
0.002241539440220416 
0.002250956789062442 
0.002242349627489348 
0.002249538910613175 
0.002245546182569814 
0.002263720236536777 
0.002242066412175651 
0.002258984866420653 
0.002245674189545946 
0.00225929033697265 
0.002249688486268771 
0.002259413339690149 
0.00224584184623807 
0.002262618901265167 
0.002251374451056568 
0.002264036661465446 
0.002250813082410001 
0.002267373892621529 
0.002254755070513762 
0.002266968739075235 
0.00225243592857004 
0.002265736421803537 
0.002247493181468392 
0.00226472760129026 
0.002250360750350707 
0.002268723852233919 
0.00224656380447398 
0.002256931655162987 
0.002250546560776366 
0.002255248249068167 
0.002243870117870199 
0.002255589707387666 
0.002241939914766362 
0.002247540732805114 
0.002242946241026486 
0.002252638089150627 
0.00224673136346674 
0.00225504595040569 
0.002245273622998366 
0.002249317097501219 
0.002252851351352177 
0.002247032923537515 
0.002249562028715583 
0.002250862201963583 
0.002248684408833729 
0.002261480700418541 
0.002256293300122273 
0.002252838467017457 
0.002249097304185264 
0.002254791006168819 
0.002245333564545141 
0.002262521197041207 
0.002247008254365959 
0.002257827538022767 
0.002252571450045707 
0.002268083906772176 
0.002252961545945645 
0.002273046277765962 
0.002255077496618978 
0.002267915207071911 
0.002257722253972926 
0.002267439430263879 
0.002251771224351172 
0.002266546372855327 
0.002261701713698974 
0.00225865170245226 
0.002262576156012717 
0.002258872801635102 
0.002263340285941857 
0.002254832217310782 
0.002255343579985497 
0.002257213947589773 
0.002265173107082828 
0.00225967156411429 
0.002266796704292604 
0.002258789230426553 
0.002269501144242386 
0.002260689092205055 
0.002273206285591431 
0.00225664351358296 
0.002266553555151646 
0.00225565687304863 
0.002268572784226615 
0.002253025402738603 
0.002259427204077174 
0.002255636082021621 
0.002259495585459389 
0.002260418022581518 
0.002253899110594171 
0.002262644446961757 
0.0022526441919827 
0.00225908516472365 
0.002254023512830363 
0.002258579201364391 
0.002245535214172585 
0.002248996142249944 
0.00224759299854152 
0.00225557636875724 
0.00225457921037486 
0.002252342306185574 
0.002248159572988044 
0.002247020903417249 
0.002240799032757318 
0.002241603759462614 
0.002247167716117686 
0.002239651932093408 
0.002242344062216487 
0.002240444254254645 
0.002240100233016203 
0.002235687578353584 
0.002239893068223857 
0.002241156371556562 
0.002248576501731873 
0.002249572684722916 
0.002245141717700282 
0.002252501681785309 
0.002255244729004644 
0.002244408907415152 
0.002255700697694619 
0.002260820251836668 
0.00225078056162216 
0.002261704901362296 
0.002250061532669467 
0.002267891330477805 
0.002259120515889599 
0.00226713149896091 
0.002255754120509043 
0.002270240710056754 
0.002253248577389328 
0.002268454913659658 
0.002246370333513928 
0.002267265046582874 
0.002251758522464368 
0.002269939304523816 
0.002250918774348827 
0.002259821090383766 
0.002250233472419972 
0.002260165761670561 
0.002253491546329628 
0.002262331204035078 
0.002244504047991728 
0.002256650642359733 
0.002242478619887226 
0.002256274404855643 
0.00224861221780219 
0.002248888787748613 
0.002247050854898934 
0.002252769781387114 
0.002252599469672425 
0.002245621375120927 
0.002255416378961296 
0.002255529120177252 
0.002253062156026765 
0.002254195210315242 
0.002252681675877 
0.002261968495975238 
0.002260381794384161 
0.002253228189894736 
0.002262452174290764 
0.002258175349192062 
0.002262123465636327 
0.002259802435826749 
0.00226148942961538 
0.002258590335396435 
0.002259149806493745 
0.002267224314179595 
0.002260594468547643 
0.002261235320412833 
0.002261360613553427 
0.002258140041812324 
0.002250455860425069 
0.002263399869336366 
0.002254408358484526 
0.002263666303534247 
0.002257578767500984 
0.002265904679012369 
0.002245602844184464 
0.002260802045200939 
0.002251511183425872 
0.002264560964736134 
0.002256172534047409 
0.002255575843710409 
0.002252984524104209 
0.0022650534948659 
0.002254412781321197 
0.002258975159548115 
0.002252963368161245 
0.00225739255240213 
0.002255190127790234 
0.002252212204686693 
0.002260247596217658 
0.002256517681946983 
0.00225766904792573 
0.002254690775879982 
0.00226110082552331 
0.002253936646526503 
0.002253642476071872 
0.002245744946035127 
0.002247478687752318 
0.002253562475424122 
0.002251674230033985 
0.002247281195336377 
0.00225277051049324 
0.002250720875923786 
0.002249471792134631 
0.002254462020240262 
0.002255951949976311 
0.002254672874140859 
0.002251712486043533 
0.002253504961990259 
0.002246334463451518 
0.002259848558491352 
0.002246505088722165 
0.002252214460548056 
0.002250617807401801 
0.002248038479159993 
0.002244585819125247 
0.002245827149196444 
0.002245653401163153 
0.002249405455472716 
0.002245266858362137 
0.002240078076773195 
0.002246034874712551 
0.00223419649126915 
0.002247932196060241 
0.002239007594877141 
0.002249847579770081 
0.002237064253063951 
0.002256426224905835 
0.002226423948849761 
0.002253028694390934 
0.002233730249618854 
0.00224425895373051 
0.00223167137514989 
0.002249031370887001 
0.002230063179631504 
0.002255387770230992 
0.002232836877419894 
0.002254256026031726 
0.002239234481508015 
0.002260933049410909 
0.002238829804669913 
0.0022582989081213 
0.002242646343384149 
0.002260524783993204 
0.002241208847896959 
0.002265370235967538 
0.002242001306493919 
0.002262241634023361 
0.002241823052856686 
0.002269242466683013 
0.00224088457407116 
0.002269485033185422 
0.002237814042071438 
0.002265239469901876 
0.002241030780558219 
0.002261782089662812 
0.002244437722159388 
0.002257807489289301 
0.002240957239104877 
0.002256936212636799 
0.002237585896207879 
0.002264685781703496 
0.002234969259433812 
0.002258034442602137 
0.002247783458446796 
0.002261233325573123 
0.002236559440211665 
0.002255541100319414 
0.002238091435677041 
0.002258724156970425 
0.002235464301142687 
0.002258202145081482 
0.002248863845272883 
0.002259481044654848 
0.002251710064828401 
0.002257733763513653 
0.002260026904988744 
0.002255950414022748 
0.002261400963338881 
0.002254699436616851 
0.002255424750416162 
0.002252273873500813 
0.002251582255963828 
0.002257657975167895 
0.002244887720012183 
0.002257133957269713 
0.002250182245655531 
0.002263014263167181 
0.002241510708800116 
0.002261401549304998 
0.002248740767464806 
0.002265391680335114 
0.002248153920330361 
0.002267078570586112 
0.002250621163514451 
0.002264139036414208 
0.002249559890048684 
0.002262536735122796 
0.00224960454552884 
0.002261880444725465 
0.002258612450524821 
0.002258772947235452 
0.00225250194505792 
0.002253660165312381 
0.002254522918752282 
0.002256733960672572 
0.002255629629681126 
0.002257041982333515 
0.002254280012990792 
0.002260630494160783 
0.002247268312915859 
0.002253733667227644 
0.002251256920918535 
0.002255367171353776 
0.002250475226589575 
0.002252563459579385 
0.002246582885342702 
0.002255435195427528 
0.002250128865271506 
0.002247729415739715 
0.002252806199654137 
0.002253567280949037 
0.002242011877323351 
0.002256153954844119 
0.002241375198383648 
0.002255719172782546 
0.002244337285674147 
0.002258301719942867 
0.002233936935391259 
0.002253175673203214 
0.002244487976958997 
0.002258225321404798 
0.002234580522807786 
0.002260625696620564 
0.002237038114695091 
0.00225646232722492 
0.002239801925479063 
0.002256240767962641 
0.002245062591851131 
0.002259903443610227 
0.002243761463979793 
0.002261623559252951 
0.002251416395022154 
0.002262281040239309 
0.002253379789957479 
0.002253861498701905 
0.0022581275267789 
0.002256083773424453 
0.002257122497980804 
0.002250210487446893 
0.002254178396759001 
0.002253655976613425 
0.002258891725081107 
0.00225111146339975 
0.002254472355474611 
0.002250234010069123 
0.002247273272983908 
0.002250607937467646 
0.002256302477235403 
0.002249463009073083 
0.002257800523418543 
0.002251471775682166 
0.002253175130260642 
0.002253090433925594 
0.002255267091249512 
0.002255505165666563 
0.002261299362621126 
0.002255161991333847 
0.002260629947393614 
0.002254469285984073 
0.002256103114005368 
0.002255391269382376 
0.002250512904748853 
0.002258632166981085 
0.002258450909077236 
0.002255808748399389 
0.002257892925765328 
0.002252525600520004 
0.002270490229824302 
0.002262744142678484 
0.002258326099978821 
0.002253938216561823 
0.002261285447600215 
0.002256999493887615 
0.002255400901813414 
0.002259724619360886 
0.002253498964673022 
0.002263844337222693 
0.002253788767281493 
0.002258678227414317 
0.00226142414826245 
0.002248973434333046 
0.002267081403858573 
0.002251542925446229 
0.002261058817137475 
0.002257526375954222 
0.00225084370373047 
0.002255202694976016 
0.002249488808002284 
0.002255166325704305 
0.002255123260755121 
0.002252095118543832 
0.002255707419255132 
0.002254511073907896 
0.002250256248651575 
0.00225793860866274 
0.002253810865820584 
0.002259301715831304 
0.002262309922992007 
0.002256531810010403 
0.002265197876843997 
0.002249883576051679 
0.002256095178953381 
0.002261206952532521 
0.002260354928770574 
0.002247692247716298 
0.002262952832518737 
0.002256266261327282 
0.002256846453551809 
0.002254970567009013 
0.002257119956073226 
0.002257036592956134 
0.002257255210984091 
0.002253786458521137 
0.002258953921011847 
0.002251904788256706 
0.002256470072112948 
0.002254443650026096 
0.002253734422652608 
0.002251701177752583 
0.002253472898319858 
0.002252081953781025 
0.00225640910305057 
0.002256532126232865 
0.002248947504558276 
0.002262773944543209 
0.002250131899330829 
0.002249868225259748 
0.002251959623365086 
0.002252228955185283 
0.002247432688315461 
0.002242377288696467 
0.002249079867903838 
0.00224919266121622 
0.002251365483302894 
0.002247668218611708 
0.002254067142311048 
0.002240885393519669 
0.002253553401913407 
0.002241433003408452 
0.002251911024883666 
0.002241811825334008 
0.002243663617108853 
0.002249178637439521 
0.002245940064916042 
0.002244997658302092 
0.002255261990446053 
0.002236336964802934 
0.002261211751455942 
0.002247534116457366 
0.002267410944853227 
0.0022489275120545 
0.002267744205096857 
0.002246187368174072 
0.002259496548661082 
0.002245984287717428 
0.002260151613973985 
0.00225160672371253 
0.002258507874233828 
0.002256674022427045 
0.002247374938399304 
0.002252605914269353 
0.002256003188059683 
0.00225215214625868 
0.002252833060068521 
0.002254419858272991 
0.002246958266611716 
0.002258611925684076 
0.002247711046194181 
0.00225700782147821 
0.00224615161832763 
0.002253202743087093 
0.0022491012192673 
0.0022501165944719 
0.002248578842341525 
0.00224458537127093 
0.002262546032758087 
0.002247395565819251 
0.002247591283194109 
0.002241329469380295 
0.002247249172242497 
0.002243927557173083 
0.002257180320987673 
0.002244848514528273 
0.002257625743038937 
0.002245183708969057 
0.002257734487262475 
0.002245529951990972 
0.002252858026971391 
0.002255081413963755 
0.002254734606040283 
0.002256502884591276 
0.002256631265451139 
0.002260541685429151 
0.002252804791029019 
0.00225779402607458 
0.002251354013412474 
0.0022550717629604 
0.002256453792194042 
0.002261848525458207 
0.002263895470531593 
0.002259534351623124 
0.002261825112513794 
0.002255869798644064 
0.002255835894749235 
0.002256280014267672 
0.002250793199507073 
0.002254359518760185 
0.002250896087396018 
0.002260291935095355 
0.002258103421920547 
0.002255409458285197 
0.00225638149018603 
0.002251318676929583 
0.002253345821272967 
0.002258251904713198 
0.002252356057101863 
0.00225943268282691 
0.002248323478168214 
0.002256720952901074 
0.002257686182322635 
0.002247093280956557 
0.002256552271825018 
0.002253240710760505 
0.002262545656793806 
0.002253291538874774 
0.002254868123396479 
0.002249112836477758 
0.002258057551160908 
0.002258997799653837 
0.002255511892297238 
0.002252153147098801 
0.002261576620738574 
0.0022512358579957 
0.002262989310039857 
0.002258124895232406 
0.002260880905994541 
0.002251837159949476 
0.002257833666838809 
0.002254473938759573 
0.002255235230003828 
0.002250796139164559 
0.002257400749322937 
0.002251356851219898 
0.002262874081005594 
0.002252523677509309 
0.002262518950506116 
0.002256034522793844 
0.002255150282859853 
0.002263740005124307 
0.00226353809409673 
0.002261365676464149 
0.002263031215694124 
0.002262755543884118 
0.002259715806886597 
0.00226414147474699 
0.002260009878298865 
0.002264317900748932 
0.002267546109188707 
0.002255603607726022 
0.002265565815289062 
0.002258016028462816 
0.002263060339070633 
0.002259366735343014 
0.002271797111059079 
0.002256032802448346 
0.002265673075191499 
0.002251773510772308 
0.002260606485322066 
0.002251430403822358 
0.002263805317502871 
0.002248759450804526 
0.00225997739873907 
0.002248908027622407 
0.002267517229943923 
0.002256392274824469 
0.00226595198709433 
0.002253859846145337 
0.002269418500566355 
0.002257138601666209 
0.002268257289427072 
0.002252615177708155 
0.002269623287462158 
0.002253892197996521 
0.002265869302431059 
0.002258907213706943 
0.00225843558348644 
0.002252793733818813 
0.00226830410257116 
0.002254714296495956 
0.002267376938342071 
0.00226653209747802 
0.002265213614074531 
0.002262299613486566 
0.002263433057627298 
0.002261658973429116 
0.002272455198184184 
0.002255755825204191 
0.002264462087775844 
0.002256754407616291 
0.002265920425950733 
0.002250948002214381 
0.002261137352628337 
0.002254236206301893 
0.002265445526214548 
0.002256267785905746 
0.002271184013228954 
0.002257948133126738 
0.002260843152211418 
0.002261535415219438 
0.002269227081431518 
0.002261281201066283 
0.00226764528003333 
0.002264536503913996 
0.002264108934409703 
0.002265957075157511 
0.002264136810788528 
0.00225831811437935 
0.002268240594746138 
0.002255723898217235 
0.002259254647303893 
0.002261705388754057 
0.002263625522113745 
0.002256007087199872 
0.002254899914127181 
0.002258253693035403 
0.002256191164681874 
0.002258784521980047 
0.002254888586378355 
0.002261099507284676 
0.002256617367874699 
0.002263100026815477 
0.002255772574531503 
0.002267367237645837 
0.002252886756440812 
0.002256859592366776 
0.002256085451567414 
0.002260189022823616 
0.002252758180731677 
0.002264735610058489 
0.002259641311604589 
0.002265274971220027 
0.002258488882771483 
0.002262668817307327 
0.002260279651786077 
0.002257799837612658 
0.002249163209735804 
0.002253930960032092 
0.002252630795594934 
0.002255743259830566 
0.002255987862791255 
0.002254776734858892 
0.002258699637733967 
0.002259066796802039 
0.002265625927669831 
0.002265855576936048 
0.002259572717000929 
0.002260762117177925 
0.002265250115485866 
0.002250221049548945 
0.002268830375458017 
0.002251797443456657 
0.002258930134108451 
0.002257086802720611 
0.002250021889187126 
0.00226093673285228 
0.002247772799514007 
0.002255121468296373 
0.002250952870924126 
0.002261066138153074 
0.002265237247301753 
0.002256513708384044 
0.002257231854796868 
0.002263013262955573 
0.002258340854909043 
0.002263571065790832 
0.002251515234192115 
0.002258265848689404 
0.002250890076939768 
0.002266563225040151 
0.002254539897692889 
0.002262232176048867 
0.002260187570205604 
0.002264215199697776 
0.002269944681074236 
0.002266598839804656 
0.002265824071863229 
0.002266711648542676 
0.002257990513471607 
0.002270017048093512 
0.002257547693464666 
0.002264937258251262 
0.002263753356755044 
0.002256900048108051 
0.002258346328842547 
0.002261453859622514 
0.002261511447304171 
0.002252639150946796 
0.00226695576116256 
0.00225286348442083 
0.002266195173531056 
0.00226011647272956 
0.002268194357121346 
0.00225671716153476 
0.002263158310926331 
0.002252602722828716 
0.002253027699568029 
0.002260589053831359 
0.002249662918390192 
0.002260126248115712 
0.00225608282155032 
0.002260867394873242 
0.002257611363972131 
0.002261618400818528 
0.002254684150312405 
0.002265458161787661 
0.002253476617599927 
0.002254229730317855 
0.002262303985872166 
0.002262603555809593 
0.002261058409076683 
0.00226448078350359 
0.002259085774862298 
0.00226779392277712 
0.002258091099882332 
0.002269717866590384 
0.002255066757551394 
0.002266386981197125 
0.002249583352615781 
0.002263759879906973 
0.002254270303131807 
0.002267271539856037 
0.00226105618296874 
0.002265637185801618 
0.002255919949015267 
0.002260605919564264 
0.002259751995389243 
0.002261667814212982 
0.002253388570286424 
0.002270590315438972 
0.00225978506860054 
0.002261111540992145 
0.002259457567751794 
0.002262488226964413 
0.00225735343017207 
0.002249341548366447 
0.002262409331560637 
0.002251974885185221 
0.002260412032190002 
0.002260503826631384 
0.002261269266457781 
0.002261587275056653 
0.002259762070989622 
0.002269178522928084 
0.002249393488852384 
0.002261788530010395 
0.002244008158538222 
0.002261134516250161 
0.00224268995139069 
0.00226931920331926 
0.002241374563761571 
0.002270236957735939 
0.002248308575720545 
0.002269379177806048 
0.00224874800744029 
0.002269857703311704 
0.002250041657104796 
0.002271912422659863 
0.002249546682743651 
0.002271727811087728 
0.002256881795065616 
0.002263477220534907 
0.002261641621098631 
0.002265339342060904 
0.002258652356385057 
0.002264276710079012 
0.002256383411047152 
0.002263040003328499 
0.002261773000444949 
0.002263536328380422 
0.002264914500009916 
0.002268442678176923 
0.002258981217718688 
0.002269856638701725 
0.002259349106054256 
0.002255696684333989 
0.00225972675916942 
0.002252962066816673 
0.002261743065252186 
0.002262530277954218 
0.002259184530843021 
0.002258748732530979 
0.002263811952040317 
0.002252748778809262 
0.002259780813138447 
0.002266690093070808 
0.002263166240657188 
0.002266038712109732 
0.002255411406259736 
0.002263180421569479 
0.002264632502818916 
0.00226344058218388 
0.002255786742418104 
0.002277209346352559 
0.002256037337574567 
0.002280891526747608 
0.002260123830593726 
0.00227398458743573 
0.002255766114401777 
0.002272461138412737 
0.002253534646471827 
0.002272161199328274 
0.002260903478461108 
0.002264805487790936 
0.002255280509637562 
0.002264455176406975 
0.002256761817218696 
0.002269594729515094 
0.002255263478483885 
0.002277981247999356 
0.00225181251426906 
0.002270239230671225 
0.002252258112084753 
0.002275491050424248 
0.002257635625752206 
0.002265961151828127 
0.002257753074667641 
0.002267651258996708 
0.002252387587045544 
0.002265152580863111 
0.002256934445394652 
0.002264191583761105 
0.002258480330007407 
0.00226379694825827 
0.002258807219923106 
0.002261103402445187 
0.002259212043836268 
0.002257609282258577 
0.002260416752551716 
0.002258231415361868 
0.00227402982131396 
0.002266253066797545 
0.002267479889862856 
0.002270044337018208 
0.002265060624065804 
0.002274664938345926 
0.002265221920951284 
0.002281392806900167 
0.002259829356779202 
0.002280574697964684 
0.00225935100002212 
0.002272823055883101 
0.002265446143394567 
0.002274494875334334 
0.002270158298400472 
0.002261068968143337 
0.002271057238549744 
0.002267382059096241 
0.002259464751460102 
0.00227832054834861 
0.002263370034343815 
0.002269911524685505 
0.002261800294078622 
0.002271033049289059 
0.00225784983814717 
0.002265296901052787 
0.002268490785704301 
0.00227681529608365 
0.002260980014573712 
0.002268361036823101 
