solver_type L2R_L2LOSS_SVR
nr_class 2
nr_feature 1984
bias -1
w
4.1887105408245e-07 
0.001657355625900188 
0.001883064022855183 
0.001892942409168682 
0.001882178879750262 
0.001895501607886656 
0.001881628045715925 
0.001893284645566946 
0.001881457179044905 
0.001887873253899588 
0.001871232666098069 
0.001884440095969071 
0.001876885310171894 
0.001888099466248248 
0.001875869525862073 
0.001892941544019902 
0.001877411882778439 
0.001896736980692686 
0.001876967228822411 
0.001885050811289823 
0.001868985024038981 
0.001891467616285352 
0.001870820866364877 
0.001883703994457351 
0.001876790680714426 
0.001883436909675637 
0.001875480783099149 
0.001879892708268259 
0.00187360394956031 
0.001888850166865582 
0.00188216537533321 
0.001898252701118964 
0.001881540736694747 
0.001890065203835555 
0.001891836372911873 
0.001894044836211415 
0.001889319847441096 
0.001892693286516639 
0.001885748128978947 
0.001890913630619388 
0.001883741848449533 
0.001894193149926294 
0.001886602981851342 
0.00189208411861848 
0.001880160240178175 
0.001888360013687289 
0.001879007237713999 
0.001895323212629119 
0.001879695696163051 
0.001887797001520497 
0.001880147378720913 
0.001883421899900008 
0.001886062369516122 
0.001878512049152896 
0.001885055708524368 
0.001882570337958821 
0.001882333904153441 
0.001884817307695953 
0.001881337054426019 
0.001883176852436012 
0.001882643029701261 
0.001886123305632914 
0.001889536865218621 
0.001888506615084118 
0.001889208442013057 
0.00188259355636597 
0.00188362189263688 
0.001891092966952324 
0.001887528989436503 
0.001898955256589664 
0.001887933518003455 
0.001902757707676688 
0.001879396963604194 
0.00188652264049907 
0.001883446667209972 
0.001892952589288275 
0.001886489097258816 
0.001886002524979662 
0.001883445049026361 
0.001893625616419865 
0.001884427947737077 
0.001886467667440719 
0.001878363638520404 
0.001884739488071478 
0.001879370706893177 
0.001888976955622506 
0.001882677314486043 
0.001895855166991127 
0.001887298631733924 
0.001882149243824917 
0.001883900181734166 
0.001883564306157546 
0.001884705420213711 
0.001882005940487509 
0.00187180864597089 
0.001897644577481338 
0.001871723229113001 
0.001898919310780214 
0.001877761825257837 
0.001895883301667564 
0.001886517097936882 
0.001894106751518829 
0.001888407823478722 
0.001891331262745039 
0.001888282759322521 
0.00188682411435658 
0.001882541418166344 
0.001893421089835834 
0.001881298538960653 
0.001893941039551683 
0.001874099016824721 
0.001897409976644279 
0.001883320213339631 
0.001890167044120999 
0.001876263172775184 
0.001893200335358807 
0.001882381328122504 
0.001890403035067381 
0.001877445249809166 
0.001890043117697072 
0.001877638411594853 
0.001887867528315851 
0.001873835410892986 
0.001890551510261742 
0.001869202542605907 
0.001888466558735782 
0.001877849937510937 
0.001890106657756764 
0.001882889503140124 
0.001882714327103834 
0.001880236918506631 
0.001880566489110439 
0.001881579249247515 
0.001879915035490804 
0.001874097491098617 
0.001879664836954246 
0.001867939096206132 
0.001881355609193295 
0.001869574202105584 
0.001884398359949136 
0.001876172665506241 
0.001887207201147179 
0.001871329027864901 
0.001889976573514233 
0.001881654037021603 
0.001884180700418963 
0.001878704180459627 
0.001892716291256931 
0.001886491206193053 
0.001892141190931223 
0.001891388864227191 
0.001897231181754866 
0.001887542076290062 
0.001897841149892191 
0.001888664165880892 
0.001898033700065214 
0.001885031225524402 
0.001894195758146183 
0.001882834961163767 
0.00188527463904964 
0.001883954308561793 
0.001887539873905482 
0.001875322556183092 
0.001886040893044247 
0.001872692348671602 
0.001888442156129076 
0.001872914520256178 
0.001874648000722338 
0.001882003090187369 
0.001886496537654697 
0.001876979262182432 
0.001877753782559636 
0.001887031575896572 
0.00188068842608049 
0.001883345876722746 
0.001889800111463206 
0.001878179415595243 
0.001885076121457248 
0.001869165597173542 
0.001884049629162546 
0.001876495814929037 
0.001888725151050106 
0.001876336802659401 
0.001879677754498026 
0.001875654744181273 
0.001876239778788854 
0.001870297812803494 
0.001872373228398754 
0.001877280283188113 
0.001884182382560805 
0.001878575806015719 
0.001877663750558723 
0.001881387291377455 
0.001883670609611863 
0.001884078419900791 
0.001882168929157357 
0.00188984306434471 
0.001877660459450607 
0.00188829996897762 
0.001875408756960849 
0.001882610860712248 
0.001872549690387644 
0.00188975743211419 
0.001879244656274775 
0.001881522852078653 
0.001879573154319981 
0.001884202820843767 
0.001867936303930694 
0.001881194283047799 
0.001873566272247403 
0.001882876286427531 
0.00186776859232494 
0.001884184514120866 
0.001869536405854182 
0.001880147122206183 
0.001879728217935715 
0.001888327396777475 
0.001873176704815919 
0.001881719327814403 
0.001879376550940918 
0.00188166699303169 
0.001873209954674305 
0.001879020095569462 
0.001881318883383709 
0.001878480330744002 
0.001884789187582386 
0.00187201609476045 
0.001875778329603795 
0.001871770669564601 
0.001885199986156678 
0.001871762329143074 
0.001875183409593527 
0.001871057896156936 
0.001883128176769167 
0.001871570722200578 
0.001884886294791073 
0.001871439161165328 
0.001888467089389154 
0.001871127704073867 
0.001886494782855325 
0.001865665472927441 
0.001882405736869046 
0.001879259237687518 
0.001880354920568352 
0.001885608738852568 
0.001882713123927259 
0.001880808984692256 
0.001885305263727181 
0.001886665813344736 
0.001885729939851953 
0.001883694149011216 
0.001887102532895222 
0.001895327951675689 
0.001886238018808581 
0.001897340444074993 
0.001886844612100745 
0.001900277721116647 
0.001882805878436759 
0.001899597708317237 
0.001879274130489593 
0.001888474929003673 
0.0018861811464377 
0.001898136740256184 
0.001880307797242623 
0.001889814876511546 
0.00188119081497476 
0.001888875046080971 
0.001876053128165356 
0.001884582743005314 
0.001876454141646578 
0.001879354979129146 
0.001875339061730506 
0.001883274446327035 
0.001877831343775538 
0.001884248377865899 
0.001882693734146007 
0.0018768204526734 
0.00188686987863336 
0.001876778105582955 
0.001881306977754258 
0.001877299751114805 
0.001877949281532661 
0.001885411683960577 
0.00187785467785963 
0.001888610963463042 
0.001889137522791771 
0.001881556891959591 
0.001883153364589798 
0.001883205152597287 
0.001880485153605471 
0.001883029435043698 
0.001882661379012223 
0.001877922066920141 
0.00188021023447524 
0.001884721870867899 
0.001877032977008988 
0.001885109768443481 
0.001880246710581623 
0.001879996476037011 
0.00187645324954424 
0.001882259388513736 
0.001878419026168998 
0.0018828554638494 
0.001874203046975648 
0.001883405443904865 
0.001871897693802419 
0.001878879360182922 
0.001870778628425209 
0.001881012732938646 
0.001874540993772078 
0.00188532458794639 
0.001875563594743839 
0.001882663685831639 
0.00187401130600928 
0.001880680086267535 
0.001870197003925992 
0.001881454080273345 
0.001873945541592901 
0.001883954429329511 
0.001871275277078797 
0.001885245357999814 
0.001874733087448765 
0.001880000739518982 
0.001875944267886027 
0.001884168332356682 
0.001876151992829185 
0.001889607151658567 
0.001874291969269379 
0.001883499952629699 
0.001875370452163255 
0.001888639296511271 
0.001876530572460185 
0.001882204214057065 
0.001874667282077386 
0.001879609388857742 
0.001880196408574326 
0.001874161890922228 
0.001881820767778517 
0.00187752531258312 
0.001879159912193968 
0.001883337312476029 
0.001876236921253734 
0.001884122003969656 
0.00187370888691817 
0.001886963595953296 
0.00187317407671088 
0.001883455795874919 
0.001867182134594322 
0.001884383948883153 
0.001875124566567145 
0.001877649113342101 
0.001874170939328602 
0.001883126867052901 
0.001866214973291657 
0.001879628073517986 
0.001858673028699968 
0.001883318286786981 
0.001866495756150655 
0.001878420585019848 
0.001877520750435282 
0.001887541075311838 
0.001874193696177096 
0.00189132636668263 
0.001878841843850554 
0.001888369303133253 
0.001874798644385113 
0.001887999505421847 
0.001875781817171499 
0.001891440640232417 
0.001871437267205642 
0.001895062085857526 
0.001869909639483543 
0.001896355568273175 
0.001868487192801434 
0.001895587413141545 
0.001868180780823206 
0.001881733051967252 
0.001878984418655703 
0.001884856564267902 
0.001871028452684619 
0.001879854865290909 
0.001877946333470848 
0.001889771908338157 
0.001872036667126142 
0.001885743420619593 
0.001872600185221245 
0.00189519406810737 
0.00186341807146649 
0.001890417363018161 
0.001862676610222364 
0.001885635185973205 
0.001867816413672951 
0.001889588864615699 
0.001876093297460882 
0.001888462187439595 
0.001868572342354773 
0.001885095879470968 
0.001871466810336654 
0.001881241915148293 
0.001871716236522385 
0.001880044759967221 
0.001873217969894685 
0.001879122304944537 
0.001863095836523843 
0.001883272756493978 
0.001866952794333984 
0.001884932743243743 
0.001861159654706547 
0.001884189976792888 
0.001867207476566322 
0.001877725644246511 
0.00187735888034641 
0.001875457985640035 
0.001882430729067792 
0.00188069789433304 
0.001880024114976701 
0.001879884051812457 
0.001883215827174061 
0.001881151168043754 
0.00188125415169237 
0.001880593470409433 
0.001885408156790024 
0.001878227879616336 
0.001878326700865211 
0.001880531873879396 
0.001878264749989642 
0.001881146583435314 
0.001875474841197581 
0.0018822331530746 
0.001874231589235297 
0.001883106233941511 
0.001873502301337447 
0.001881756806618268 
0.001873390281239173 
0.001879396966674068 
0.001873140992954102 
0.001874855564221907 
0.001860824852330239 
0.001890384826644465 
0.001863748853892851 
0.00188298517080524 
0.00186952821445375 
0.001883920267194738 
0.001874534868159876 
0.00188833331606064 
0.001875163669188396 
0.001884202898825924 
0.001874528143684526 
0.001889895140061092 
0.001867830268494552 
0.001883750597206861 
0.001874241178284627 
0.001892908018531104 
0.001875470748805498 
0.001899637063649964 
0.001871026352136648 
0.001892109905713698 
0.00187741168128183 
0.001888901902202349 
0.001866884889252251 
0.001887083458084923 
0.001874572580309635 
0.001885193046631618 
0.001880968413729548 
0.001880950337640627 
0.001874847948042465 
0.001885188457115972 
0.001875095577574424 
0.001878461253810243 
0.00187239726533011 
0.001878673679958738 
0.001873020902311862 
0.001879248623786259 
0.00187002988375889 
0.001888388756642914 
0.001878692410612965 
0.001882537911607873 
0.001883451193576234 
0.001879577403515621 
0.001876367925752771 
0.001883064298225028 
0.001872869214197501 
0.001889886860961447 
0.001877789977541269 
0.001888715703618635 
0.001875673128528704 
0.001886926922199448 
0.001876796654339484 
0.001888293319369577 
0.001877911736131179 
0.001892425401551561 
0.001881133993718917 
0.001887776191410709 
0.001877263441958308 
0.001891200846075029 
0.001875315840073009 
0.00188930236906784 
0.001878910242046751 
0.001883357044639067 
0.001880488347639966 
0.001880550725424155 
0.001887063664239175 
0.001883175735046903 
0.001887489393206292 
0.001886072000577338 
0.001885114483417895 
0.001887486756863748 
0.001883697787841102 
0.001887073443503485 
0.001878214001329653 
0.001886098910405489 
0.001884534868883971 
0.001885373235895148 
0.001890220199022347 
0.001891713583456791 
0.001883013281379141 
0.001887775673072927 
0.001885281425008968 
0.001891611019756771 
0.001886163068800778 
0.001884420056237122 
0.001881589083482717 
0.001888393711037536 
0.001878750124355238 
0.001885809920578513 
0.001888897389550301 
0.001891366435190079 
0.001887878305073451 
0.001892598846626957 
0.001884386874865829 
0.001883170777796814 
0.001896986084016339 
0.001888403629338009 
0.001881111200639563 
0.001889972259874851 
0.001875364190572256 
0.001881408675366184 
0.001872955366184439 
0.001878654710478257 
0.001880249977189146 
0.001882766662009195 
0.001878432154043369 
0.001878673172998026 
0.001888207598556304 
0.001877721337882082 
0.001894496684516503 
0.001882694809830184 
0.001892493550474066 
0.001877897920398244 
0.001887264662152809 
0.001876251685422718 
0.001891937130238871 
0.001879788222282165 
0.001890517183857126 
0.001874737300615109 
0.001890303807516514 
0.001878259330800693 
0.001883161580261862 
0.001879278424877379 
0.00188372426789155 
0.00187305510217268 
0.001884698343026576 
0.001873872037950047 
0.001885373105203847 
0.001872391202782241 
0.001885832097688971 
0.0018631890487605 
0.001883481783240849 
0.001869828903294226 
0.00187727089656812 
0.001874902843448055 
0.001880985224425333 
0.001874110582053769 
0.00187916928680673 
0.001873105002570569 
0.001879272342009411 
0.001874281671556177 
0.001867578718898566 
0.00187678291138208 
0.001868864965885971 
0.001882678192902576 
0.001872150068699766 
0.001878764921679026 
0.001870132166137507 
0.00188491763362586 
0.001869183384975103 
0.001873427377506071 
0.00187277171989007 
0.001871420570696292 
0.001871997781413104 
0.001873953689166817 
0.001874525570751565 
0.00188714439462408 
0.001876833800300966 
0.001882284564754275 
0.001879107246155872 
0.001888177304316704 
0.00188501966692855 
0.001887876504855112 
0.001881164889239262 
0.001882681034642716 
0.001879916207295336 
0.001884964901901594 
0.001877884464041219 
0.001890189676432803 
0.001873345459911987 
0.001886176359422548 
0.001872027429064543 
0.001896287666412391 
0.001867165805915135 
0.00189621898033409 
0.001878558098194054 
0.001891953699631143 
0.001874842428186889 
0.00189637096164925 
0.001870414699635347 
0.001901898846285974 
0.001873763835348605 
0.001893677436781114 
0.001868575504254096 
0.001889962186510725 
0.001872847351457213 
0.001884292663689388 
0.001882929463383106 
0.00189019352887438 
0.001885617492870556 
0.001897324662425721 
0.001883085623991344 
0.001881840357985201 
0.001882534868631776 
0.001885904877243025 
0.001882519546442222 
0.001885912055193737 
0.001888081149395845 
0.001885237136925279 
0.001886635823169943 
0.001884650651933618 
0.001883694268743269 
0.001883199578770236 
0.00188190936699749 
0.001896008158422284 
0.001883873362948569 
0.00188989985727851 
0.001881125838442204 
0.001900367927214772 
0.001871719943695783 
0.001902876281765583 
0.001871963303106733 
0.001898207799389486 
0.001878208938611116 
0.001896699901654427 
0.00187001450092496 
0.001896305977811272 
0.001874167316056536 
0.00189360084317946 
0.001865210721087136 
0.001896144179913208 
0.001861614129994285 
0.001898926120371988 
0.001860315880429097 
0.001898327744558445 
0.001863498002269294 
0.001893414130319567 
0.001864965728231619 
0.001892163034642996 
0.001873809010779682 
0.001893401220552877 
0.001869116690238114 
0.001891888882250909 
0.001879250306670298 
0.001892778571907672 
0.001873503925667015 
0.001895229859786028 
0.001877253062317413 
0.001896327804072053 
0.001881633300196679 
0.001890094986071625 
0.001889502178857009 
0.001892925386438308 
0.001876347990742269 
0.001893608548299926 
0.001875063087849935 
0.001895326981167741 
0.001876121217359518 
0.001892322068236181 
0.001874312319601926 
0.001894472075038721 
0.001868547335875912 
0.001896005361924606 
0.001875784621307613 
0.001881604835052759 
0.001870642304055827 
0.001891576004108058 
0.001869889824622108 
0.001889653971906232 
0.001870555666519444 
0.001887726677978405 
0.001874762468736325 
0.001895576584832922 
0.001874550624905787 
0.00189777566434139 
0.001865050142559665 
0.001890944176008925 
0.001883768497684251 
0.001892543889481457 
0.001885288945372891 
0.001893992296607873 
0.001889047173277306 
0.001894964258919164 
0.001890063810541918 
0.001896798863485291 
0.001878993623218739 
0.001895375597041836 
0.001880712423138183 
0.001899735487882109 
0.00186994076095743 
0.001901743078306026 
0.001882311920633391 
0.001888880939219274 
0.001881509602514436 
0.001899126480598569 
0.001874921769100034 
0.001894746278055027 
0.001874476435248762 
0.001894476779227312 
0.001875807985659639 
0.001894565324526067 
0.001882152891266985 
0.001887836763409161 
0.001876736248040587 
0.001887934832772716 
0.001872339716349308 
0.001890568518382075 
0.001869167444128469 
0.001892939474037077 
0.001873701088061289 
0.001884345805901185 
0.001868908190130459 
0.001885703359081799 
0.001866967043029126 
0.001884649526093146 
0.00187265943605191 
0.001885834409026736 
0.001871405295447918 
0.001885499299770321 
0.001871001877440881 
0.00188409614780159 
0.001871395597757841 
0.001885901748224435 
0.001869532274458555 
0.00188141196886235 
0.001874546804568894 
0.00188657994103209 
0.001869219905594248 
0.001885891495252028 
0.001859808782617895 
0.001885119623485944 
0.001863956010315246 
0.001889341526897324 
0.001869525249666301 
0.001885637785100222 
0.001863020980847036 
0.001878998132184566 
0.001862953933330354 
0.001881019528530615 
0.001868278340021363 
0.001881793639306481 
0.001871094949380215 
0.001875238183029742 
0.001867118258878054 
0.001878720345589099 
0.001871495839582161 
0.001884617354035046 
0.001873104981375054 
0.001882075671989023 
0.001864305296504012 
0.001887571250038784 
0.001869537614253953 
0.001881383062640624 
0.001867429721636721 
0.001888646583975721 
0.001862898073905413 
0.001888086943492342 
0.001865095759571728 
0.001882359829852176 
0.001867853065943595 
0.001876349992862231 
0.001863084864049455 
0.001880997259575005 
0.00186776874710066 
0.001884860838711379 
0.001867273563340476 
0.001881148456163002 
0.001867228326458427 
0.001883167704761757 
0.001858727811838395 
0.001887955136752898 
0.001859003126482971 
0.001888037071011057 
0.001856184542754216 
0.001877890421365839 
0.001857101386209186 
0.001875160731817798 
0.001863700194415569 
0.001875411550813022 
0.001872838082153767 
0.001883593116172224 
0.00186466423212186 
0.001879150539900678 
0.001871982032037771 
0.001881898989388735 
0.001864277496263263 
0.001889900988175874 
0.001865924813411127 
0.001878986588816329 
0.001877231021845513 
0.001879278160861345 
0.001877961627350698 
0.001878315807813681 
0.001882519269919057 
0.001881882516015861 
0.001876487494717821 
0.001888316656558117 
0.001874120944942446 
0.001884718739957891 
0.001876550881714079 
0.001881668355886041 
0.001871181068127772 
0.001881194333615498 
0.001870057587978953 
0.001892016274337539 
0.00188058835391586 
0.001881837268275753 
0.001869065617291551 
0.00187420407870893 
0.001869969453638857 
0.001873997086286626 
0.001868430054048685 
0.001877696693485174 
0.001865493575715326 
0.001875599604986781 
0.001874594731278883 
0.001871709344293597 
0.001875162946999487 
0.001872302891125719 
0.001871747736871685 
0.001874520856629413 
0.001880486709721087 
0.001864212983382049 
0.00187104323644593 
0.001866912166150422 
0.001874843927183734 
0.001877524743372249 
0.001869121540673943 
0.001874586891952694 
0.001871774224726001 
0.001880499385328726 
0.001875402008097364 
0.001877115877672987 
0.001881652583081936 
0.001874933767819907 
0.001900652715970627 
0.001876740486545852 
0.001900612855677658 
0.001877525658907584 
0.001895657967379728 
0.00188109604312867 
0.001887526694114182 
0.001882111628306157 
0.001889301035725326 
0.001890466618977867 
0.001882732715721514 
0.001885422219958171 
0.001882647243559365 
0.00188151300801764 
0.001882911586840641 
0.001883415976885209 
0.001878556880347697 
0.00188197787959277 
0.001876533422897276 
0.001879000401077061 
0.001881242639710135 
0.001874183309351747 
0.001885633227214356 
0.001877874432122362 
0.001876625151769183 
0.001871189706893721 
0.001875399539373274 
0.001865846220275844 
0.001885547212110295 
0.001868631141771749 
0.001887352862176678 
0.001867354843749697 
0.001881490960303813 
0.001874097948832848 
0.001882597785975918 
0.001877295356770519 
0.001888998892155213 
0.001876990994423212 
0.001886335430691656 
0.001878490726476294 
0.00188847032626884 
0.001878148469607739 
0.001885091189664917 
0.001875653780923144 
0.001888518799161862 
0.001872142561967714 
0.001879764571187281 
0.001873157944578858 
0.001884939503648473 
0.001873712200344053 
0.00188829162918854 
0.001869853877763246 
0.001884327466948064 
0.001860568927284189 
0.001877500911109728 
0.001868644846891146 
0.001878263814422218 
0.001866519120765185 
0.001871318793975209 
0.001872795758724002 
0.001873260905375728 
0.001876433719370057 
0.001876537106717844 
0.001871751860372112 
0.001875558766244098 
0.001879006720288179 
0.001879920139960265 
0.001877195383931461 
0.001880203342779644 
0.001888130959271794 
0.001883313116148576 
0.001885364204772537 
0.00187382583341558 
0.001892699989201449 
0.001882901441446328 
0.001883737485345306 
0.001884046380700832 
0.001884589890759716 
0.001886986518225219 
0.00188057957527883 
0.00188877932052838 
0.001877536821985461 
0.001886779903418072 
0.00188512256317111 
0.001886854564273063 
0.0018737625889568 
0.001890604100358871 
0.001885704092975806 
0.001896101262143472 
0.001873759994637821 
0.001897661583656306 
0.001880066760932013 
0.001885723499096853 
0.001887265563091362 
0.001883774121243173 
0.001881689568549564 
0.00188980364222065 
0.001882329433183357 
0.001880885528234788 
0.001886350163323928 
0.001884572426122636 
0.001886302711317748 
0.001882484845459204 
0.001883259442803408 
0.001886279038115974 
0.001879563136296983 
0.001891307074036522 
0.001877322840532323 
0.001899745759055172 
0.001868847993775508 
0.001898754606943239 
0.001870107594256515 
0.001885213462025811 
0.001880393486707705 
0.001888943451498232 
0.001877000137717295 
0.001887369934117972 
0.001876943800339002 
0.001888167577991372 
0.001869342878327943 
0.001886747995391999 
0.001875092433658989 
0.001888500374240704 
0.001867155181842655 
0.001876363249890822 
0.001873544917821244 
0.001877680421735689 
0.001873246595332549 
0.001875080005544266 
0.00187162699937192 
0.001868984127892272 
0.00188033556314058 
0.001870996258564739 
0.001876562789886063 
0.001885098155805415 
0.001879645325271144 
0.001880520082892873 
0.001880092221831975 
0.001888550156612709 
0.001880838933443029 
0.001884861901397306 
0.001882323750294063 
0.001879635743680164 
0.001882687618977699 
0.001883043632444995 
0.001879286063316751 
0.001876530536783042 
0.001884463710846369 
0.001877807827131797 
0.001887846786240083 
0.001888640261503235 
0.001883116678231947 
0.001874741587603931 
0.00188658247508695 
0.001880837387623306 
0.00188042824348053 
0.001884838904480607 
0.001888663188699122 
0.001882260823808389 
0.001891571290172965 
0.001880234557845569 
0.001884279987634784 
0.001879799968849604 
0.001876161647520839 
0.001890116349614709 
0.001876241365838664 
0.001888494419590664 
0.001877722667725294 
0.001884877223581326 
0.001874230178174788 
0.001876312831644954 
0.00188226719050337 
0.001872551165025831 
0.001881203221620582 
0.001875612455744681 
0.001885571981637523 
0.001879539299332546 
0.001880895466833632 
0.001877864433585703 
0.00188639213487468 
0.001880222031927902 
0.001883587301203237 
0.001884582130148747 
0.00188338038789576 
0.00187973080858474 
0.001884845903873232 
0.001880015196866248 
0.001892547522971053 
0.001873536875085976 
0.001895857124890682 
0.001875899838937184 
0.001897778293937645 
0.00187142914644303 
0.001889553975209817 
0.001868671913059483 
0.001883014518273857 
0.001874232571659826 
0.001891456169865555 
0.001883977746828925 
0.001885539941154172 
0.00188037078587525 
0.001886364047223382 
0.001876805351028322 
0.00187922214251758 
0.001878234328553873 
0.001877898897014905 
0.001877387097810868 
0.0018793958799668 
0.001875587883150351 
0.001870165039337233 
0.001872760578119956 
0.001871416962786258 
0.0018721131184836 
0.001877688022604318 
0.001874230815273825 
0.001872383173783598 
0.001884440988913272 
0.001870950078943367 
0.001872052831442487 
0.001872065713170462 
0.001881667317514181 
0.001876752700358903 
0.00187498744120605 
0.001873021177367801 
0.001881157667178574 
0.001872643888245639 
0.001872753219200917 
0.001879210569662703 
0.001871835556783786 
0.001882992361387146 
0.001867652756833663 
0.001883967086914677 
0.001856859151236847 
0.001887359684528189 
0.001869226879676514 
0.001881553616219181 
0.001871262533468838 
0.001881338707291323 
0.00186784105189898 
0.001882982844804318 
0.001869740238203289 
0.001877574575867562 
0.001872768101443987 
0.00187460198518537 
0.001871975703857688 
0.00187571079738351 
0.001872652863499733 
0.001889699307795587 
0.001868999362124298 
0.001878186105371426 
0.001864509018711684 
0.001881239703348635 
0.001870603840016876 
0.001879555360852353 
0.001871084087892593 
0.001881503840203014 
0.001873172073628991 
0.001885295696640144 
0.001874733419381289 
0.001886904654549092 
0.001876536999033714 
0.001892275188374469 
0.001877501539696032 
0.001893720506843192 
0.001873016515889338 
0.001894386380056474 
0.001874978783244065 
0.001898785751029974 
0.001874285094310485 
0.001886620758260732 
0.001874679357902828 
0.001885105293499544 
0.001874698311181407 
0.001876535007261022 
0.00187138517984574 
0.001877937835683719 
0.001873768078370569 
0.001877445564720155 
0.001871655113439893 
0.001876289576013475 
0.001872945860310711 
0.001876530700894235 
0.001875279022092697 
0.001876637620561913 
0.001877019551539758 
0.001881448686308544 
0.001869308508100669 
0.001891093396235992 
0.001876359178071134 
0.00188131077492903 
0.001875281214213458 
0.00188451684371754 
0.001877351685513313 
0.00188874975540021 
0.001874724697809558 
0.001891062368984274 
0.001882426446175778 
0.001896963598974771 
0.001885260509763598 
0.001896741076888948 
0.001892175599540725 
0.001899331625585439 
0.001890117677259019 
0.001895998234987471 
0.001883588929820841 
0.001897104312340385 
0.001891992054161395 
0.001887177646658946 
0.001890248705850407 
0.001891817383728063 
0.001891160971926776 
0.001890406269035508 
0.001888070617203801 
0.001894967569860413 
0.001892168800182131 
0.001895087648802279 
0.001890768843528697 
0.001897410362505639 
0.001899405350865714 
0.001891007996892289 
0.001897962752618953 
0.001892338880639115 
0.001897992307214433 
0.00188557235321827 
0.001893298134425341 
0.001881105252267314 
0.001888415243116055 
0.001880048682458741 
0.001892786811841055 
0.001887026963391018 
0.001887453624712321 
0.001887418399857022 
0.001881097043681749 
0.001884307529337325 
0.001881523864066528 
0.001888557473770214 
0.001875974407917925 
0.001877931988492403 
0.001877798752439611 
0.001887105295565302 
0.001876069191071642 
0.001884035030379313 
0.001874826079673018 
0.001879215166282066 
0.001863193215025131 
0.001874525272140814 
0.00187354929403739 
0.001870516498000788 
0.001868119918161371 
0.001874425173114601 
0.001869469285950154 
0.001871547791911529 
0.001868679219518335 
0.001869312353368335 
0.001883601262786142 
0.001872012927911172 
0.001882152656269288 
0.00187008795824983 
0.001878905268482479 
0.001871536885077854 
0.001890502775605777 
0.001886065155148828 
0.001880499463917581 
0.001883728414388486 
0.001884276381481716 
0.001895523989826967 
0.00188483707420976 
0.001890532528178704 
0.001883614301700921 
0.001886744712838542 
0.001884099025329697 
0.0018860010799891 
0.001882597989510427 
0.001882162633703916 
0.00187861276093268 
0.00188639582427541 
0.001878944174124595 
0.001883208192492013 
0.00187727539025008 
0.001882808458468276 
0.00187879426617871 
0.001876872644082428 
0.001868162470008158 
0.001881837056467641 
0.001870078750687872 
0.001884591411919867 
0.00187683923650233 
0.001877259010128098 
0.001870563727536369 
0.001878901065396018 
0.001883390010702367 
0.001879088843920815 
0.001881555191057772 
0.00188635103721125 
0.001875131329860009 
0.001883227573932899 
0.00188064496599678 
0.001885514601142239 
0.001882561468499373 
0.001875820112020405 
0.001881883968061375 
0.001888198052073325 
0.001878338259420944 
0.001882792511042881 
0.001885195947870474 
0.001887927281914309 
0.001877959228356951 
0.001891829101174072 
0.00187922278074288 
0.001887400890794621 
0.001882830497210965 
0.001887371710014307 
0.001878955010180753 
0.001887799686040503 
0.001884360988446965 
0.00188176048433621 
0.001882916437988073 
0.001883955662878447 
0.001880622023426203 
0.001883596368388806 
0.00188115620967962 
0.001883625779835718 
0.00188021260547454 
0.001871561789315123 
0.001879852404553105 
0.00188685309961533 
0.00187919473406565 
0.001880491192118616 
0.001878290198246904 
0.001877134524718014 
0.001880130074671923 
0.001868942017823477 
0.001883967290133698 
0.001864656110793733 
0.001880405737910069 
0.001868981593721942 
0.001880676664654964 
0.001872407568484936 
0.001877233947134977 
0.001862834014915467 
0.001873257168664146 
0.001870747313038254 
0.001872454013572737 
0.001870716368462495 
0.001877641841965267 
0.001874126983604915 
0.001874735365695208 
0.001873287316051139 
0.001879808050652278 
0.001871932984860891 
0.001875892137727508 
0.001878251698377449 
0.001875114347319764 
0.00187828804691656 
0.001873347004441195 
0.001867076459553777 
0.001879707660405146 
0.00187070413527965 
0.001873721226759957 
0.001876246020976124 
0.001864986347958135 
0.001876249222702404 
0.001870052255776951 
0.001870593013474211 
0.001870332386511336 
0.001871011575656426 
0.001870882060272607 
0.00187371364427596 
0.001870094465073173 
0.001871370746134794 
0.001870800055760659 
0.001861732439793823 
0.001875332655799884 
0.001869436214040565 
0.001867431085589145 
0.00186460817916169 
0.001875821638283629 
0.001859960285837863 
0.001883765001102505 
0.001864440428626285 
0.001883612637184662 
0.001872937542225081 
0.001887087950370255 
0.001870430566410134 
0.001883364312735272 
0.001875376269106706 
0.001885554219331381 
0.001869884521123072 
0.001890144345368654 
0.001865681765662955 
0.001883898144098271 
0.001865671589527116 
0.001883977314662724 
0.001865297424106747 
0.001887107349072384 
0.00186332818959527 
0.001884172308801002 
0.00187356637055196 
0.001878799938284798 
0.001872299992146896 
0.001882513935181623 
0.001871897256556288 
0.001885006597759536 
0.001871645766467016 
0.00188721723630935 
0.001875414486803756 
0.001883847850650078 
0.001878189549288291 
0.001889013233306805 
0.001872124462514758 
0.001883618099901363 
0.001866147138198948 
0.00188251543398405 
0.001867999737925799 
0.001887277332970571 
0.001880215834064297 
0.001884771275081916 
0.001878846480819018 
0.001884192944215419 
0.001886334855317212 
0.001880223914849792 
0.001889471322556441 
0.001872490830832082 
0.001886474908545 
0.00187183420065213 
0.001878146136824821 
0.001877759240022289 
0.001875985705264799 
0.001878892681258026 
0.001878685396684967 
0.001881056195942257 
0.001872835496318946 
0.001875402605150515 
0.001878292497563739 
0.001881636794063681 
0.001877074176123022 
0.001883920920194363 
0.001880289402662315 
0.001877856198021071 
0.001879488564030392 
0.001877298450555283 
0.001883984809368417 
0.00187873089873737 
0.001883200363513205 
0.001872595015609544 
0.001878025065965266 
0.001871229061032829 
0.00187638758380348 
0.001867965857679997 
0.001879734043396677 
0.001867387909675651 
0.001882006509282778 
0.001869674641498019 
0.001879379144222963 
0.00186664947541514 
0.001880409986997653 
0.001874390399723928 
0.00187616024051004 
0.001874693139860809 
0.001870106461218792 
0.001876569503200762 
0.001870845579635218 
0.001874121234048299 
0.001871163111070169 
0.00188048265204807 
0.001862627054290895 
0.001877284119114125 
0.00186714277849426 
0.001873780294974124 
0.001873984697610682 
0.001877065671031769 
0.001870560523899715 
0.001871954525839498 
0.00188215914234131 
0.001877072065014318 
0.001873357603500848 
0.001880332206697804 
0.001871749504530146 
0.001882570263720214 
0.001876382253015867 
0.001884883770473322 
0.001881428861353271 
0.001882694012650323 
0.001880692465143393 
0.001883491041809427 
0.001891593403059697 
0.001882066115673507 
0.001893756676739357 
0.001874326816004975 
0.001893937192173885 
0.001877367052006688 
0.001890250581855079 
0.001870408981743511 
0.001885617898534017 
0.001874203254722578 
0.001892983009201715 
0.001872422215560754 
0.0018865832568258 
0.00187355441923379 
0.001876137710575387 
0.001875081585625602 
0.001882722093014688 
0.00187463235274374 
0.001889554689052757 
0.001878113428776523 
0.001882807427439618 
0.001880572546540345 
0.001889953497516693 
0.001884182713794109 
0.001891243961703686 
0.001883778580527541 
0.001891895773197951 
0.001879775417153202 
0.001884009777875722 
0.001879712547198492 
0.001883951794902297 
0.001886569282727401 
0.001889606374075154 
0.001880015821816674 
0.001891172797606297 
0.001883471065085235 
0.001896473082229727 
0.001887684837333638 
0.001884757899846495 
0.001882408343530382 
0.00189158699535698 
0.001884773671128424 
0.001882235075869643 
0.001886205168090769 
0.001879930333517464 
0.001885811700796439 
0.001882273756023848 
0.001885418760709584 
0.001885316785341465 
0.001881440014127801 
0.001885337775359375 
0.001880648802358918 
0.001880935949676255 
0.001881753940468533 
0.00187687649631296 
0.001880240145564877 
0.001871957825228526 
0.001881380520793416 
0.001873466113848052 
0.001882157692714151 
0.001875661711919979 
0.001882995303415919 
0.001876204297980807 
0.001884221698753462 
0.001881892428835043 
0.00188515768085976 
0.001891123556644978 
0.001885199628465273 
0.001887158177663588 
0.001880364170655102 
0.001881834951874133 
0.001882882706557739 
0.001884281860953077 
0.001873480902847525 
0.001881206226525752 
0.001883298528914974 
0.001881272118092358 
0.001880749435396814 
0.001884145107803879 
0.00188434633454844 
0.001884527882344509 
0.001876426049298755 
0.001881736248307029 
0.001880963643728217 
0.001882141998378732 
0.001875122265044191 
0.001882099058735211 
0.001870759217313781 
0.001879290811597978 
0.001871761508883861 
0.001888004524423453 
0.001875963761542199 
0.001876547996728979 
0.001880070900397893 
0.001879240462129075 
0.001872021643529427 
0.001883355771253652 
0.001872997927548441 
0.00188443692430592 
0.001872035713445459 
0.001885407269963053 
0.001875639985764514 
0.001885472619397635 
0.001883906480967079 
0.001887200754050493 
0.00187680668490657 
0.001882247936620195 
0.001878873035724415 
0.001883248107094849 
0.001878924929038332 
0.001882099818984326 
0.001883166339948108 
0.001884110005852249 
0.001883656729153069 
0.001886505281055353 
0.001874116523947693 
0.001893012859900863 
0.00188247638396853 
0.001893792702887846 
0.001878871972051288 
0.001894030377358688 
0.001877617266802487 
0.001885758650665807 
0.001875964205502228 
0.001888781793048692 
0.001878114623213682 
0.001884949227353046 
0.001880341023826051 
0.001876726851147503 
0.001885465111191245 
0.00188492996382034 
0.001886368258544045 
0.001881663796445345 
0.001884427801373222 
0.001875628299911654 
0.001883527359389313 
0.001875830162035524 
0.001883547753287068 
0.001878972893048752 
0.001875955195372098 
0.001879706374761645 
0.001874625364386388 
0.001878427226484763 
0.001875143509552069 
0.001882921958133012 
0.001875283411167806 
0.001866407988725944 
0.001869946613045764 
0.001867770015334982 
0.001875171044975769 
0.00187571587933573 
0.001879476111158412 
0.001875686980461283 
0.001867386609952703 
0.001877151554666647 
0.001868354966920318 
0.001869504452966951 
0.00188087274733943 
0.001877423153237941 
0.00188560743611833 
0.001879969880707459 
0.001879958601215104 
0.001880529502916446 
0.001880427829646693 
0.001880106185352998 
0.001880557365250359 
0.001886379629803614 
0.001880617054179524 
0.00189091762394749 
0.001881545139327395 
0.001885400663995264 
0.00188975015416675 
0.001885539458493629 
0.00188740119432933 
0.001882067399500174 
0.001888177755351962 
0.001877094209613634 
0.001894617725820405 
0.001881549024996482 
0.001884292843820408 
0.001883385057422672 
0.001880336000228676 
0.001878871443185086 
0.001885238312791045 
0.001874970089950201 
0.001885644618288488 
0.001872808584037605 
0.001888802836697702 
0.001881596136666715 
0.001881680207142116 
0.001883011105579019 
0.001882840989933073 
0.001886457280240559 
0.001882269454292729 
0.001874612917972052 
0.001883415100574423 
0.001877369370741272 
0.001890010095559374 
0.001879882032692195 
0.001882336297481331 
0.001886429191640537 
0.001880063823173814 
0.001885705053072249 
0.00188716768322816 
0.001882420998783404 
0.001885521567937664 
0.001881883408289052 
0.001881549931958958 
0.001879092590934174 
0.001881780846850542 
0.001880679038143665 
0.001879329933197759 
0.00189022584112969 
0.001880514832735837 
0.001891441089024861 
0.001889252682161948 
0.001885326029366153 
0.001887221754318349 
0.00189038551574215 
0.001887742281898769 
0.001883499719125994 
0.001892989271861449 
0.001876015285601977 
0.001895609544874499 
0.00188526185307703 
0.001895532071854698 
0.001886456595980729 
0.001888352194393484 
0.00188486512127614 
0.001884434837660921 
0.001883930118776453 
0.001883300425024062 
0.001892374833728862 
0.001882223018127682 
0.001886629574158079 
0.001885299459846004 
0.001882557354585254 
0.001878688387728793 
0.001885942634171615 
0.001886048540368499 
0.001885327032311784 
0.001883377626919783 
0.001890879200972949 
0.001890047039150029 
0.001888487233194183 
0.001894829119706167 
0.00189154913364068 
0.001891554452653922 
0.001888595720442888 
0.001882312549661864 
0.001884864181631301 
0.001891989562527864 
0.001886832219418045 
0.001894787108402004 
0.001882890867768829 
0.001885855716823518 
0.001887238870352299 
0.001878187931242149 
0.001884781006660723 
0.001884979711141704 
0.001884251335052298 
0.001884360021341912 
0.001880743982175036 
0.001888085396191417 
0.001892022492944981 
0.001886999150170516 
0.001885807208552804 
0.001883427312853334 
0.001887629938819665 
0.001881286432229806 
0.00188527890067881 
0.001882325677012026 
0.001882760981089696 
0.001880177470865664 
0.001888236688525203 
0.001880259732436766 
0.00188034614190174 
0.00188640903036297 
0.001886336591053471 
0.001884900628806405 
0.001890430987092617 
0.00189617913423622 
0.00188990875857298 
0.001899019078294142 
0.001887563075888216 
0.001892480055784916 
0.00188802101571051 
0.001891209402416193 
0.00188581044686585 
0.001891733393174917 
0.001888226135372615 
0.001886940570365559 
0.001882600809029367 
0.001892751004172205 
0.001880139827065578 
0.001888863025230963 
0.001884241269500293 
0.001890872318379333 
0.001886077373850836 
0.00189388417464528 
0.001881824789025977 
0.001899102724930996 
0.001884215370430354 
0.001894910762289341 
0.001887300475192125 
0.001887763764401975 
0.001879118929151977 
0.001889523036653348 
0.001888686065108521 
0.001887367796194355 
0.001886184690902571 
0.001882540621335183 
0.001883084645598246 
0.001886277407124517 
0.001870296902748038 
0.001884350631554161 
0.001876262546697607 
0.001887566880397499 
0.001879479737109576 
0.001885702250559852 
0.001879627518644479 
0.001891069303267014 
0.00188973769231061 
0.001892511576383114 
0.001887210185350666 
0.00188991184104488 
0.001892325116841423 
0.001882724884399799 
0.001892037325564236 
0.001882617518775597 
0.00189057258877883 
0.001889819650555073 
0.0018779335490041 
0.001892351184738011 
0.001875509642538558 
0.001885523045453839 
0.001878114812725878 
0.001891270007138974 
0.001891076396990127 
0.001886326862016188 
0.001887013579008005 
0.001894867450368643 
0.001884813865166615 
0.001892756346649831 
0.001881493584008135 
0.00189428431663211 
0.00187706717395662 
0.001902938680411995 
0.001885874680721692 
0.001894893064826017 
0.001886262331922368 
0.001896302742902327 
0.001885307691104786 
0.001898877469169732 
0.001889169280109443 
0.001901367100475787 
0.001886115182726274 
0.001899560173071923 
0.001885279450024566 
0.00189832761752085 
0.001895267557010546 
0.001892659091206585 
0.001887367361973975 
0.001896986863925238 
0.001889630699222813 
0.00188748088408733 
0.001890728798169039 
0.001887756564311297 
0.001889604440393274 
0.00189027237050371 
0.001890759919981192 
0.00188700260094192 
0.001883567435435195 
0.001882879695107456 
0.001872430978136724 
0.001890385607842729 
0.00186483902149775 
0.001890972837553341 
0.001873914454742524 
0.001894654092034671 
0.001875751687259164 
0.001892947270778308 
0.001880443590420834 
0.00189280492371473 
0.001881084829616749 
0.001883598079740821 
0.001886096979357715 
0.001891394848832806 
0.001885674498876542 
0.001892292460235442 
0.001884671948592282 
0.001894476372614874 
0.00189012624306885 
0.001891963113779985 
0.001884432655955838 
0.001890450589137108 
0.001882592706753406 
0.001892139818829643 
0.001886617826795324 
0.001886829253508311 
0.001896400173284248 
0.001890285520801202 
0.001888216328742665 
0.001883924546223845 
0.001893692131588919 
0.001885024483073896 
0.001890797140762325 
0.001893462554342616 
0.001892452596202285 
0.001889969611492071 
0.001887156913494961 
0.001890797587523787 
0.001886519569186681 
0.001881611964753749 
0.001889107849256999 
0.00188399219659646 
0.001889034380576881 
0.001890027472932777 
0.001889509556817063 
0.001892291921232754 
0.001888091477644098 
0.001894806202867184 
0.001878801425767713 
0.001895036537387133 
0.001878237384719936 
0.001890392049921776 
0.001873456179873157 
0.001898517965527092 
0.001876098341782334 
0.001897051447717103 
0.001880929435837929 
0.001897220846731572 
0.001880278561459294 
0.00189504808778534 
0.001881993625612144 
0.001898786796428144 
0.001885172057565102 
0.001899757263516435 
0.001882954363238275 
0.001899641674312181 
0.001882191182341369 
0.001899903357494899 
0.001882666279609328 
0.001897615376709944 
0.001877882947855878 
0.001893745054388739 
0.001883490825140334 
0.001889536713617296 
0.001881104648159518 
0.001893133639661266 
0.001878796514250798 
0.001898261628744003 
0.001883805032029064 
0.001883671020931077 
0.001883209445752381 
0.001883618302832457 
0.001884074914670614 
0.001891006987353285 
0.001876648642497695 
0.001893160253344239 
0.001876121408765788 
0.001883092139380876 
0.001876893313043002 
0.001891595611926696 
0.001882463378959685 
0.001895727908147658 
0.001873057412443181 
0.001893082955083816 
0.001880388902638433 
0.001890288141742197 
0.001878787604408667 
0.001902598790542013 
0.001877665596611175 
0.001906889316565266 
0.00188136969774273 
0.001902912590432959 
0.001877188280568398 
0.001903259114864145 
0.001884735835850504 
0.001897247584759599 
0.001881663402286147 
0.001893819671174103 
0.001880946502968721 
0.001888608803111933 
0.001885097287134994 
0.001901217829163461 
0.001877820305390271 
0.001904009565236579 
0.001878220577810413 
0.001898826758716614 
0.00187597031708735 
0.001897812490123539 
0.001878850172491744 
0.001889220846042021 
0.001875486399935675 
0.001893598920166895 
0.001873597019415308 
0.001891429186777443 
0.001884208532142347 
0.001885168952439623 
0.001884138851136309 
0.001883950414443537 
0.00188179205328454 
0.00188587912510303 
0.001885475773082979 
0.001881230537719675 
0.001884912965304535 
0.001882769781363402 
0.001893167718345543 
0.001887230216564757 
0.001890245411213621 
0.001888860157447289 
0.001888591618532535 
0.00189102740906362 
0.00188546408478919 
0.001902120945228477 
0.001882169100734233 
0.001902455540349395 
0.001882561411090436 
0.001898415194412756 
0.001883157120435982 
0.001900339637143272 
0.001888150486883528 
0.001887527408262619 
0.001892940999097481 
0.001889732007587687 
0.001880565754060321 
0.001904206833928047 
0.00188153264678829 
0.001892900320879635 
0.001879749296384707 
0.00189213305161828 
0.001876436739040696 
0.001888150414012136 
0.001885507220748288 
0.001898555950648037 
0.001882732633884248 
0.0018973567082561 
