solver_type L2R_L2LOSS_SVR
nr_class 2
nr_feature 1984
bias -1
w
119.7316141210733 
-61.97602791045094 
3.36613636299938 
27.86228607486314 
3.944204888808029 
9.156209263548144 
6.478427591240168 
4.312089189510871 
-0.09538345134438696 
1.707841231332022 
-1.297968159853411 
-1.792781966783007 
-1.080984489359327 
0.337609637234478 
4.09400474347985 
3.569794738416671 
0.8145572798468463 
0.8125581226934048 
-0.8522676477959924 
-1.956370543842525 
3.518590986245667 
3.501236483971267 
-2.254509620421873 
-2.452145868724773 
2.214318620594623 
0.721039382428006 
-5.770567653957834 
-2.514179894067551 
-3.103395879983167 
1.797480804065933 
2.166450967719437 
-1.134074118964338 
0.9964867487945906 
4.40660044744984 
5.592391740752697 
-3.830636135471072 
1.357777171326355 
0.9473169346795317 
-0.2832884569456671 
0.2547029729529237 
-0.8028506342802145 
3.210178362562401 
1.324286799357693 
-1.504534950578341 
1.408236381442809 
2.020917401073733 
-1.338723582619342 
5.087356870176086 
1.464048486931052 
-3.004284052746537 
-2.381931147554164 
-2.354682151715173 
-2.635296588955221 
-1.354844716820123 
3.918153133702806 
3.574859796880044 
-0.5649773422950024 
0.9288510694721094 
2.843527525323144 
1.64619908099812 
-2.29429243149228 
1.743984152508027 
-1.769908868508906 
1.354060526284763 
3.661879629556444 
-6.66953487848823 
-1.807920657707751 
-2.764236345895869 
1.207686960390951 
6.474474570076103 
3.972831690514723 
0.9388300405918205 
-0.5472640974790547 
-1.956950965618308 
-2.897544840920053 
5.243063609487483 
-2.320362079389559 
0.3688805233617543 
4.830397360038748 
-0.2320377141746414 
2.919144449192898 
0.6000214516682656 
-4.182750118212587 
1.568759784024732 
-2.517042300569414 
1.300948908451165 
2.311340889963286 
-0.1244924414786668 
0.732446136521543 
-0.6478099652856387 
0.5163818354186522 
-1.301123199405471 
1.341093113835158 
-2.560220851948458 
-1.875162593429252 
1.974295010594771 
3.382761736296982 
-3.95721562461677 
-2.196338227085949 
-0.355565127418171 
0.9974733514731563 
5.091917421749649 
2.856747818269163 
-0.397729179103561 
-2.313657964113817 
-7.285462900713864 
-3.794630605461212 
5.43626339125358 
-0.01849105727639975 
1.341357936533535 
0.1989513473447018 
-0.9257630238589206 
3.255562497861542 
-5.391268140644361 
-3.906148497136362 
6.553133283233057 
2.41227090918931 
1.308645819318786 
-0.4199715734209175 
-3.177019119985244 
1.092637076057909 
4.153264829460463 
1.245235075258985 
-1.304452570315793 
2.667706859150917 
0.3523682360901806 
1.837658717328703 
2.703577400334842 
-1.728823803458776 
-1.489262747007915 
1.56324503401254 
-0.1186248740520148 
-1.74630420042101 
-1.347979296299036 
0.8441255086249518 
-1.897014928395246 
-3.059090644500027 
1.116008887590489 
0.1415002066245442 
-2.263652288535301 
-2.497530373233465 
5.686099903053186 
0.5100991932502562 
-0.07443643320484623 
3.989157547853937 
-3.694047554651341 
-2.430613844598823 
1.382181042677632 
1.948124850271456 
0.389498708981656 
-2.582873783828212 
6.372061073402461 
2.484290657337089 
-1.364489832664084 
3.060312398681011 
2.99277469800358 
-3.311643871088485 
-3.334231463648297 
0.6216993960072462 
-2.195862758588134 
3.103734278427381 
1.640689456067837 
-3.719525759445649 
-4.696564031184127 
2.177352845405376 
6.89110092353742 
2.964168572496807 
-5.949514751394807 
1.665928607759831 
2.254527526390369 
-5.611520261062013 
1.672269255624353 
3.466275238779287 
-0.1937249070521382 
4.373318081885313 
3.817109518074706 
0.2612861855110725 
-3.946900865991937 
-3.982398038591504 
3.51967897437756 
2.590013265955169 
-2.200870238463979 
-2.268178181633543 
1.398005059516516 
1.614879072158275 
-2.855766066914162 
-4.17541881049473 
5.342433085555629 
4.621926731097932 
1.471413055009133 
-0.05702473061297601 
-2.263627956080927 
-4.662095181914057 
-0.4196402998475049 
-1.155677537625764 
0.8198069831588674 
4.455390019785363 
3.927822596863657 
-0.2596818787212275 
-3.947649812726775 
0.387056493333868 
-0.04309269757081864 
3.246398627549864 
3.012711145183235 
-3.818455705925009 
0.7003048876190781 
-3.368940916968486 
-4.227975928615931 
-0.379598053830526 
-2.498552292590547 
3.351826318716364 
2.135852083248207 
2.886700701103185 
0.08194327807128256 
-0.5580368393325547 
4.478506934473552 
0.5437046481923099 
-3.315235919100295 
-2.284372436826092 
5.679281954274356 
0.4706070319813783 
-4.518301842614763 
0.7759299468629886 
1.252100610311348 
-1.808522438306244 
0.1511288776488985 
1.620525905811527 
-1.996637552693707 
-2.523101925023086 
0.2275489853058867 
6.148386235253393 
0.4335301950092199 
-3.446975222471993 
0.5335105857152713 
1.29836672222945 
1.673656382670158 
3.134198148382549 
2.917326225577162 
1.046758169108097 
-5.485425869273514 
-5.68412355351973 
0.9637111131342994 
-1.480217836120547 
0.5629294221753943 
8.705154055124897 
-1.005862618239983 
-6.201679187238727 
0.4838164203616114 
4.741258256033786 
-2.421009881036492 
-8.384671980159638 
6.318330887610287 
3.45895558837558 
-1.290041687210365 
4.724577471896294 
1.694419815528252 
0.2908563675093352 
-1.105845153657135 
2.640838783385616 
-4.40987209303999 
0.3780134526690466 
3.80130175868908 
1.763974165913892 
1.325023678456229 
-3.389311995821642 
-3.835014977403836 
-0.7562523871754415 
2.609718392685869 
-2.584908467709571 
4.019183683121826 
1.453058947892049 
-2.251949223818169 
-2.120725777061281 
0.8740141385841097 
3.359359892425262 
4.71870684314813 
1.314533520218445 
-6.270288848608127 
-1.045336110939689 
-0.4706989713579904 
-1.464621339318563 
-0.67415299927721 
4.822343370385037 
-4.078911042813338 
-2.416643576066735 
7.06109554139882 
2.612504222103738 
2.136699710644304 
2.060476641713496 
-0.3492338773337564 
-3.027694940998632 
0.9192938196065955 
-1.05149782723574 
-0.6511693134793357 
1.817605246365018 
-1.3373030791373 
6.016315460169739 
2.246989261407449 
-7.793726719272332 
-2.748442759993083 
-0.351056381620181 
-0.09668578720353592 
4.355395717055729 
-1.295985238282835 
-0.1652346297015679 
-0.01238190105680387 
-0.7807956997998203 
-2.916581301986047 
-1.191893251263184 
4.874553186048759 
-0.9183026807635163 
-8.211816536631545 
0.6683924919679024 
6.233054415583561 
3.352370685726789 
-2.353915374955797 
-5.632700070785316 
5.01142442213623 
0.4096519328909864 
-4.547569004537834 
2.829149564052417 
1.298032443879008 
1.063155651287363 
1.110558552375616 
-1.330680963032109 
2.85900435354462 
-2.268952884259423 
-7.224124284696494 
1.519176673481416 
4.250746008053031 
1.373529027097837 
-3.142531285015941 
-2.63555052546022 
-1.409032205401521 
-0.06992520521052632 
2.485946172559513 
7.544404850511911 
1.168183534657811 
-4.148117209170032 
2.413713441478646 
4.089052621686609 
-3.787269009595246 
2.441791706996056 
-0.5638495987115401 
-6.153454569264423 
2.685561977466964 
0.8297692230904381 
-4.643215838868072 
2.636679477331495 
6.506952355955522 
0.7005883676207093 
0.9158252882248663 
1.760149222656205 
-5.114131315907846 
-0.5836945432734206 
-3.937267681378839 
-1.388575413405309 
2.612040236349491 
-4.103646625821112 
-0.9488525385298165 
-1.37011471790381 
1.080833128199544 
3.575550012073107 
-0.3120124680271296 
0.5854205071093515 
2.627521054397633 
-2.488524344322312 
0.7883232315545059 
1.500558724668558 
0.8904035717504114 
3.321083030862293 
-1.57926378580003 
1.148617348496481 
-0.06482659164449618 
2.929334759472794 
-1.035256660628695 
-2.983832413627815 
5.732687349100892 
2.734361529368652 
-4.538761440201687 
-4.322004794966183 
2.813528451631649 
-1.099811423452027 
0.2672683873028149 
1.789713942922652 
2.508336863439053 
-0.9628079290285428 
0.9422643186480647 
-3.484253388446509 
3.403766501604965 
2.998792851099886 
-2.493848878057071 
1.182621709321379 
0.7904153651835001 
1.792697610511233 
-2.196393427003814 
-4.466527146134074 
-1.908403462232783 
5.501389117392445 
2.438900154165017 
-2.062818027436141 
1.733558483726367 
0.5339682279109178 
-7.253026968492418 
1.794653603733171 
1.937884906516849 
-0.1442851920482862 
1.254500603392006 
-7.906685265227885 
-1.064558716859544 
3.435171565151452 
0.8265033208312275 
2.011545329435515 
2.075287390242787 
-3.870109614522704 
-3.26855327630617 
2.073259245752492 
5.503345757510934 
1.263516342931138 
2.578938679817154 
-0.6305988753050975 
-6.121170849841157 
-3.455310127192146 
1.010386218499268 
0.8356585164551219 
6.12052490996262 
4.152417395528214 
-2.201825836011869 
0.8420071256778267 
0.337007216072837 
2.494148893937993 
-2.648840938724009 
-4.886124362667519 
1.836349234331356 
4.854242581493916 
5.777434022521275 
-1.441544870820822 
-2.586863057661769 
-0.2012808269324143 
-3.17656543219144 
-0.194198556367976 
0.748938149991761 
1.176803430042665 
0.6773662108030386 
-0.0006706315141094011 
-1.883180300101466 
-0.7243154585030011 
1.55913423053305 
3.499016880589385 
-2.506710438257111 
-0.8742423998554151 
-0.7288912017507306 
0.104736416640349 
-1.999591774213636 
2.761987100581129 
0.06902784680427322 
-4.442817397856112 
4.961830486911995 
2.617257163310209 
-5.464519607993445 
-1.671643762507933 
1.093060702563728 
2.749188183272547 
6.099570770180281 
-1.769394332420207 
1.436020178214158 
2.72146739318812 
0.1259254468047659 
2.291400834722293 
0.02568627959773971 
-4.170235204736644 
-2.000454181552664 
-0.8008809534906846 
-2.963426004193941 
-1.304184878476705 
3.59962977090366 
-1.427445684803675 
1.769028976233141 
0.7128215010626656 
-2.849908253817881 
-1.64804247224759 
0.5610130149245147 
4.851364462410761 
0.5218895595468327 
0.07215935262303995 
-0.0264123595395568 
-2.723076766865749 
-1.313075367096412 
1.989992813068295 
1.448296281447481 
-0.08549160297984763 
1.331809828133926 
-1.133906849894015 
-2.024375554588354 
2.567806191149287 
-0.4339921753101069 
4.204606209845331 
1.351301821941262 
-0.8491346903944451 
-8.670842134122628 
-2.301283451368155 
2.794738072971398 
1.309331197452301 
4.703023241272165 
-0.2263029988818448 
1.466878464420362 
-0.06202433114740868 
2.067279567021772 
-2.718232224303954 
-2.353357381589885 
4.169657635647328 
4.149736516826647 
0.8783749618924754 
2.578249428930761 
0.7321328859552444 
-2.213201538214712 
-3.359999468659863 
-1.770344251022445 
-0.6337105454529781 
-0.02391542972070208 
-0.3023920416327557 
-0.8669236670042908 
1.154758696263005 
-0.1279305540111339 
0.5240238079545242 
1.429479604484356 
-0.3836105815682469 
2.323219571776725 
1.045497247705554 
-0.330595425985399 
-1.846934549892931 
2.627132485478074 
4.309491371083758 
0.7119366315464269 
0.4384601498642628 
-1.155987249838178 
-0.292011890886256 
-2.06028274838424 
-4.110853421754086 
0.4520907535749902 
-0.04435325268504792 
-2.60484973360328 
-0.9274526896371851 
2.503181963539332 
0.03345844475914029 
4.599166246177311 
-1.099932976419022 
-5.045852157589321 
5.612498561431377 
-0.2175013647241052 
-5.958181530827209 
1.322708145163416 
-2.817855318159029 
3.307342829759913 
6.458416052082331 
-0.7575505224557528 
-0.2036199665626255 
-3.912160559660988 
5.554153747908107 
-0.09546915052122515 
-2.631746391483926 
0.1802753245969241 
-6.033862909760133 
-1.56491726566502 
3.814964602576835 
2.890054591676039 
-0.4039127490299171 
3.437886095888463 
0.2748662224667721 
-5.097857782231149 
-0.03812228613116782 
6.656709199019186 
3.288532980296614 
-1.981181890788616 
-2.327804997882725 
3.035011276826194 
2.080105173807345 
-3.494178664034243 
-4.721664226706163 
-2.487452833355859 
7.52455390725564 
2.335985193301089 
-7.235253220683191 
1.3826232280101 
7.605626914698282 
1.848807701400024 
-2.584745705075542 
-2.048920236833249 
-1.490242311775582 
1.725349525324812 
-1.740511883504628 
-3.034867038046575 
1.264321469110436 
3.163305838982698 
0.5218222252166611 
-5.399032453494812 
1.006271271033033 
6.41250674490327 
1.487683593095114 
1.429847772071846 
-1.837677189135496 
-2.131529722676075 
3.532736002104925 
-4.598042365113811 
-1.297545163933737 
1.26140083961373 
-0.1636045600486122 
-0.4946967201713588 
1.781038368745158 
-0.9408474483589061 
-0.3392711179526826 
4.85480840863524 
-2.348693403693667 
-2.274011473871553 
2.08341171702025 
0.210151924628716 
5.302496328340701 
2.700058943160921 
3.356463731352928 
-2.299648210869489 
-4.645994217167842 
-3.831537576008233 
1.750576779255402 
1.473059618875713 
-3.245495998273499 
5.362787042802386 
8.818599876134702 
3.01977963453785 
-3.321218086440449 
-0.7658755894050578 
-5.063035115007118 
0.5255446602478587 
-0.6083061100882423 
-1.696835173788453 
-2.378456455062515 
1.910130905431517 
4.141593544557149 
-0.1195250545961946 
0.3915731584970575 
1.592661817064873 
-3.42868190409838 
-1.472559468848153 
-2.614089945331728 
3.226997077300811 
2.410746960403295 
-5.127310699693274 
1.714513021524848 
2.195583140776614 
-0.8783247172893854 
-4.0593285046882 
-4.149804553174391 
6.340024865392055 
3.40609050798283 
4.020122888719025 
1.539977416755888 
-3.608248574771714 
0.4449924647234263 
0.4488960872663988 
0.7444937922604291 
0.7640704072792535 
-1.611366190357827 
-3.887913250942162 
-0.08816527662790094 
-4.067894227544746 
1.467664763555212 
7.463146034483571 
1.035971839794365 
-0.298703185201857 
2.075483472533072 
1.001286399194068 
-0.04941790495019278 
2.54219154110762 
-1.182410860159992 
-6.554306234853187 
2.859547896645638 
0.9253962447056853 
-8.242333529173532 
2.087032791089811 
4.873605400298385 
0.01249233171522554 
-1.367708771905315 
-1.240695209662739 
1.417691400379459 
-0.103815404705545 
0.04978945369636966 
0.8106993465091447 
1.546692975329178 
1.784427051469746 
2.91757360336291 
-0.9746383415171657 
-3.353139507161802 
-5.04975727538551 
2.28226891910691 
4.592793452381144 
2.826817869704967 
-3.588784233346478 
-2.848217179104372 
0.7988160713898377 
-2.840441147278939 
4.098348701291965 
7.165400716527255 
-3.808399083844047 
-6.410671533457238 
2.244436234849091 
-2.581020871577427 
-2.261737435343734 
2.053960134824956 
3.336038705546977 
3.531469248414724 
2.286993101591596 
1.566180700138878 
0.3297366647897386 
-5.742310140424201 
1.019104492293852 
3.085188403871852 
-9.805243517554347 
0.3221638026303763 
2.927302684842425 
-2.162409551751798 
-5.080863693280596 
4.077818302242346 
4.544972896075134 
1.82395166020394 
3.451117295206445 
0.4587574087966205 
4.520457744970386 
-1.174008496253558 
-5.932975114032026 
-2.880467834350469 
0.999054407692744 
-1.941192082174137 
3.168900304647669 
5.261003946493349 
2.039239976427146 
1.051619280699514 
-0.2814429790940912 
-1.698038825140258 
-1.527098378674147 
2.565871700082683 
-0.2344258627855295 
-0.4149359257501012 
-4.314707747793473 
-0.8213000887515611 
5.511038825209225 
1.089603968980884 
-3.284864135477524 
-3.446671811861762 
0.9408026193300892 
4.48856074226118 
-1.643348287297155 
1.221868335971084 
-0.2861552392405637 
-3.770983569093932 
1.041551952314908 
5.087962214128525 
0.7203128945107887 
-2.609731253937993 
-4.717786522948415 
-0.4565183345107912 
1.466229067239899 
-1.344628697094839 
2.299964581432091 
-4.140823856894375 
-2.649817284014072 
3.55698995587223 
-2.187476082066925 
-2.938902067698403 
2.494932189730652 
-2.198077819577278 
0.7967420188140123 
0.3957166297368532 
-1.221102936048111 
7.24672110711945 
4.051245463318837 
-4.995641039452137 
-4.41191710607647 
2.291595376929336 
0.6023498785295657 
1.617600602908882 
2.795176497805719 
4.237130368914907 
-5.84488414873485 
1.508499725768439 
4.656501798950107 
-2.42899545267115 
2.599703338977288 
-5.973732479868821 
-4.777937257366138 
2.739697343967543 
4.662311996482456 
1.053683259765873 
1.276861626796348 
0.5784154311155945 
0.2168221252833838 
-3.746157644393489 
-1.281202582786028 
3.538975340548061 
2.430797760802819 
-0.0174447250655909 
-2.474263041628836 
0.3839603520725295 
-2.311965892715162 
2.355469313233143 
1.437306108313931 
-1.690015838586429 
-0.116021379163698 
-0.4947271363283434 
-3.624292493120871 
2.055338939309898 
-0.8225966581760668 
-4.102541203041171 
3.317355221980076 
0.7441138355555416 
-2.372170243870094 
0.7124721119462734 
6.430230731584268 
1.352217173099825 
-8.095766013417389 
-3.097433153859804 
4.581733486389446 
3.669507465455651 
-0.4713318072788913 
3.82690403425729 
2.923173885469258 
2.162018767836597 
-0.2051861500631475 
-4.563634168039639 
1.026150621393216 
-1.592590251600784 
-0.9209341049717371 
8.057763668344078 
0.6733776715661555 
-2.046458678172403 
-6.231787565193384 
-5.159126777780508 
-0.5044994995032196 
-2.658818674086669 
5.95450395625689 
5.129408547733983 
-3.503898114916218 
1.099921116391744 
-0.4246650327095677 
-2.319103638826848 
-0.8410711180104415 
-2.56774191953002 
3.189522231449725 
2.503143921224207 
1.402950785976273 
3.441265421615729 
-1.410908473711306 
-1.31636996094686 
2.188531690143893 
4.184204720410365 
-0.4369331637662198 
-4.909746465197034 
-2.446131748640705 
3.805100737773422 
-2.145754559177592 
-3.234363888638885 
-2.675385703183821 
-1.490134229720727 
12.09487356170152 
3.447166769992916 
2.205453601402511 
-2.519230286210739 
-3.907549728573927 
3.655725644918492 
-1.802029805063709 
-7.281295622353659 
-0.1659728157427651 
7.720141168460203 
3.418551381617999 
0.0612768202303994 
-2.899181091368512 
-3.447156996981545 
1.769795620222188 
-0.6958781098733562 
0.4849175697073413 
4.411545134491708 
-2.669505024727697 
2.183450926850423 
-0.7412399992496407 
-8.140900878096469 
3.081998910307811 
4.097692599145097 
-3.766464410631553 
-3.746339836583436 
-1.387877645416372 
-2.244382857488845 
5.527505156066206 
6.504794433448561 
3.521144987734604 
-2.23487078927088 
-1.1798873582389 
-1.490557489272824 
-0.9912973629717989 
-0.9476264023437493 
1.257906953726539 
2.092018958379147 
2.892570711016099 
1.166932719333885 
-6.388826470533546 
1.50610091861942 
3.478345809053423 
-0.8440149898306316 
6.420030832374473 
-3.650217265793839 
-7.387844632335486 
-3.304750416407128 
0.4045719513686821 
1.664700367118255 
-0.1556438667934807 
3.701899248433689 
4.036836478383586 
-2.670735729613206 
-4.539115146762365 
-0.01931623154161154 
0.6523094858600631 
3.613959230596788 
4.057114523856212 
-3.550957871924025 
-2.80901314956297 
4.380566283528015 
4.048598002762909 
-5.579583787009412 
-2.359910955934537 
3.163742484431463 
1.926910133452269 
-5.51510576534629 
-3.300978015153196 
-0.389537561781073 
6.129301475459248 
4.692691667155838 
-5.968870625181835 
5.244531888800369 
-0.2597144461877107 
-1.33660482525474 
-4.443420406743604 
3.780052842038026 
4.960357947414423 
-3.346976304716625 
-0.6899030658911512 
-1.360673139345764 
0.6238780489739788 
3.841232611091063 
1.52820416644625 
-2.067269862410159 
-0.4804784644877871 
7.668155888386854 
5.469643798565854 
-3.298533346729196 
3.211481133304301 
-3.293518462574908 
-4.694514290579887 
3.698919399170392 
-1.829800514360936 
-5.200481118172374 
0.9867670184932344 
3.083701739206324 
-1.855132011789193 
3.220445811321435 
0.4439491395764608 
0.02583458240872221 
2.6558780298129 
-0.5570773473342723 
-3.212550602605333 
-4.920083032851081 
-0.9783945577316612 
2.827648965463817 
0.6374474878081847 
0.008662515635580422 
3.21244114499133 
0.4222481793343515 
0.774868486724403 
-0.7322198842034625 
-1.234554909569992 
-0.5629727712136051 
0.7612243620600926 
-0.3573887701685501 
-1.809856907796856 
-2.752647654831821 
0.7309780761521273 
3.917310405374018 
4.926532642475391 
-0.5189106217579973 
-2.524064990702052 
-6.11640871325164 
2.025668009997788 
6.318213558420736 
0.9559086353097682 
-0.1841549791362772 
-4.623320180740349 
-2.593533587537542 
3.655790195163499 
-2.111013631568142 
0.5224048529999514 
4.992223496786666 
-5.76282276636093 
-0.3157269501672542 
2.689751669316618 
-2.333660592474473 
6.052509930742133 
2.760283428253801 
-5.94409651769044 
0.3626154473535182 
2.707465388234735 
1.766403847640353 
-0.4705918057729841 
-3.747343355564475 
-4.18693181924234 
5.13572044540519 
3.947983836892385 
-3.451921438453396 
-2.903908243292873 
3.512357161198603 
-2.073907623395284 
-5.941317409922752 
0.9859167277285965 
1.003270717802556 
5.149456756317599 
2.236036466849397 
3.263403498299887 
3.859527255898781 
-6.496635047006243 
-3.906077527311885 
5.106267988392761 
-2.508683593997005 
-1.658543996911944 
1.417603407469221 
0.397938076710272 
-0.3740695776934233 
-0.6027509165463749 
2.40982482988925 
-4.373010028788971 
-0.6144918417651634 
4.349027762099521 
0.3676186725282075 
-1.589250087827435 
-3.004480446559739 
-0.7070996061280659 
8.099671598968795 
-0.9344593646429333 
-0.3074201531424707 
4.263002632194778 
-0.06171318092912004 
-2.622906668348157 
-1.221874443669511 
-2.1614875173325 
0.9517264885969389 
1.042372683859759 
-2.222237753168192 
2.589246034778494 
-0.1513987858538097 
-2.191161578621055 
0.3392366894728504 
-4.25626490032084 
-0.7849110439238898 
0.23099678404572 
5.476482369617164 
4.447813959949967 
-2.32815042767004 
6.504097987303375 
2.873705536846285 
-4.596410016965711 
-2.330596816897733 
-0.9770793236869452 
-3.886508578397319 
-0.3329503377896669 
3.239336964304447 
0.8532536825958615 
-1.452953222560258 
1.799241173807786 
-3.634022325849812 
-1.580223496091262 
2.418608048684546 
0.3880966616276876 
-3.674294887189695 
0.8981975614912194 
6.340300908287574 
2.090833876196652 
-2.561031958814167 
4.081725048075148 
0.4605186539297983 
-7.760845347326974 
0.6584487618793515 
3.918024568845341 
1.827467300133833 
2.354596414247025 
2.056432510105464 
2.803098147594923 
-2.095807342579513 
-5.596965294084988 
0.284025233440473 
-2.090618393704003 
-0.5017408171452311 
1.291253982525057 
-4.330215515525389 
-0.8321758457230222 
-4.143353257240223 
1.574961832539012 
4.338064939377397 
1.632167910268937 
4.846139444281839 
-4.414396931416089 
-7.91865978970935 
-0.9287125596688064 
-0.1818180411784101 
1.174544495262559 
4.178783246959709 
-2.035170821381517 
0.7596315788270579 
0.6960637035770701 
1.33389346587202 
7.207603693637311 
2.110577507951488 
-2.464457725192062 
0.1073016443516073 
-0.03273384507946386 
-1.992886424811889 
0.9579945495322957 
1.09201637587426 
-3.539177233074645 
-0.5236363983605127 
3.108675968013516 
0.1048707700646615 
-5.100861645039671 
-0.2706570355933678 
4.655942906792386 
4.018745801361726 
-4.559378198907841 
-3.844542873338805 
6.894438725135221 
-0.01784315135691143 
-5.422067887545716 
-0.7747593448234249 
1.633532622058733 
2.651641162418569 
0.2371825780577821 
-1.388271167032979 
1.090212583586665 
2.620873277715569 
-3.437891452612342 
1.869374474123431 
3.264689696463301 
-2.987183729146988 
-4.319057735778994 
-2.82386662657279 
3.030741905307765 
2.377526521880989 
5.544192468129951 
-2.24296071709776 
-3.34550505410152 
0.6885661396673053 
1.471013594471202 
0.6243587467475066 
-3.049357596137406 
-0.04674792028729322 
-3.975943094595875 
1.784220935195575 
1.39997844602151 
0.9494928706414475 
2.05091099791647 
1.573857704203134 
4.237362628942051 
-3.031070086515726 
-7.33543008061044 
5.1183875795169 
-0.1818957882066045 
-2.075721378289561 
5.747890279844781 
1.018149112957557 
3.017616002367677 
-1.968400085299005 
-4.488256853785442 
-2.068931342599915 
-0.3002290302703698 
0.3263320665226542 
3.476079851750687 
0.1071815390306133 
3.518428899337671 
5.091451720899828 
1.513866740179429 
-1.804487749371558 
-4.096483592545962 
0.186123613609146 
3.821246385149261 
0.1021628732437244 
-2.161011568100997 
0.1227567613076362 
1.274053158738406 
-0.08239848796580571 
-1.790459427132292 
4.559128882423191 
-0.3331403466089304 
2.48171529219596 
3.040797892196156 
-2.809946417927526 
-5.710215367026464 
-6.384181856016653 
-0.07452963041781283 
6.375943979966731 
10.41246066884818 
-0.1970922213741128 
-2.02409482629883 
-2.129810070519403 
-3.630755354852495 
-3.675649535735524 
4.926841572823897 
5.050944286294626 
-5.155711435882522 
-3.770786875645288 
-3.281260445877434 
-7.1081877663721 
-2.08788356122396 
1.609673797895839 
1.159870647901405 
1.483772477431571 
0.1025968038672088 
1.839563901071697 
5.487378303266611 
-2.975178401335467 
-3.19389575507748 
1.999263505289249 
0.4324073897553641 
-5.322811304859008 
-1.253978180653766 
6.846877860367396 
3.944377799295595 
-1.646042005013594 
0.5180319289273067 
5.127524599213878 
0.511724099947416 
-0.2348609723094879 
-4.675895722947012 
-0.0891394378188831 
4.146081463158144 
5.171358734335096 
0.4373795824674471 
-5.953675796833059 
0.8030262430093837 
-0.8788543270324118 
0.8918963406135731 
3.278959916488961 
-1.39895383459942 
-4.614997305404169 
-4.440944827026387 
3.861755406515437 
-2.587649035887409 
-1.908324346636644 
-2.705461293565439 
-1.300166665674828 
2.285393078177336 
-1.102137937532584 
1.558231117562582 
-0.7474312516153696 
1.737373294651363 
-0.4564034288619219 
-3.41418041409411 
1.60100065103009 
2.517451792473786 
2.898988808864545 
5.321102230495824 
1.300770377788409 
-1.476541589430626 
2.988987269512413 
1.357403979576022 
-7.070522275251769 
-1.454877112953714 
4.823360051610424 
0.3489049791443715 
1.715636945364516 
3.345485314186838 
-3.324521023771824 
-6.258643898467025 
0.1689324699668687 
4.250145360051811 
2.154050336786256 
0.6988040225746834 
-0.06239943583831724 
-6.996539197303416 
-0.9928564604669012 
-0.0421425464737462 
5.641505801705407 
8.170722152920691 
-5.773116396742732 
-5.224980489708895 
5.128935121402503 
2.530707000020154 
-2.265774553321921 
-2.960545786393923 
0.6669179983514393 
-1.905671439802217 
-3.693701573510816 
3.44689562336599 
4.512731345270017 
1.036773892358042 
1.649253772943096 
2.023213106179934 
1.884600206188596 
0.539146381721336 
-4.327967909655449 
0.1553353061172806 
2.630803515520776 
-0.9115849395855213 
-3.262434601804099 
-0.4930872499688545 
0.2657381844426329 
-3.445036299763332 
1.885476041415173 
3.066172610543813 
0.1385934736083549 
4.648718385942443 
0.8433319765812931 
-2.077859162967385 
3.912414457210051 
-2.437592804454463 
0.4465340046916994 
1.737921126933827 
-4.248923384182655 
-4.560901203684912 
-1.196553870082711 
2.478851155457346 
6.878228855554714 
0.8702937499527549 
-2.466626512489888 
-4.188961792549693 
-7.470080405071605 
-0.1653010824695285 
0.2877153791703246 
-3.753553037903665 
5.81717783881987 
5.647401769246023 
-3.161716536557337 
2.482262389698177 
1.409385430561318 
-1.275101219301333 
-1.697813520290085 
-2.235765752306858 
-1.888575347114156 
0.8251604181076514 
-1.1989907047405 
-2.69365370564031 
-2.94253640583348 
0.8046648967959615 
-0.532718194039551 
4.73128635956262 
3.121253148915246 
-2.188732342412083 
0.2057838828707887 
-1.215307823608659 
-2.78089311972181 
-5.584694856722592 
2.334460356167075 
1.488772109659547 
0.3345493883030716 
7.977292251674228 
4.579699273837082 
-0.2914400985847724 
1.403333198332752 
1.64727562140016 
2.562396153755427 
-2.406673306318105 
0.2475779123101952 
-2.133917979932196 
0.3322010395381208 
1.364907616711152 
-5.554778163850998 
3.148904816023573 
8.090086065717642 
2.772720550260314 
-3.970817078228397 
-4.202817299561614 
-3.848126948908009 
1.993809206964131 
-5.067464967104243 
0.0819678551576478 
0.07978492309924802 
-0.1239562906509137 
3.135912145268145 
-3.083209385094963 
5.806839679557167 
3.337473707215278 
2.498274545819455 
0.8408575981643097 
-1.131067519962404 
-2.260913523099906 
-0.2822061555578654 
-3.741115281497379 
-2.83769749889169 
1.006983790265825 
1.750372209670882 
5.446872107734253 
-2.256842773748601 
-2.102812343167268 
-0.4239472384014968 
3.736972599037842 
2.883111802886424 
-0.3533543719291293 
-2.074748105179815 
-0.4739876351823208 
-1.090989750669312 
0.1882611292417973 
-2.676707824801411 
1.664440633979893 
8.707427709080571 
0.04468336137003067 
-3.886218804227687 
-4.206525518403994 
2.810511022419195 
2.152947189083186 
2.158293175818849 
-2.435325124135689 
0.1067286622933321 
0.7229137462024452 
-2.626194888411551 
-0.4295275768081496 
0.01616123775792097 
1.885067794914794 
-1.599001038506547 
-2.654864416226876 
-0.6083887829807925 
3.387241922719112 
1.67415502630764 
1.049250199995298 
4.427836213458486 
-3.048510064150606 
-0.8597023879043704 
2.068829972331873 
-1.614692611768104 
-2.94756921101884 
-0.4618988234588248 
1.891719793034023 
-6.426093833459647 
1.506473271872638 
4.008293267748426 
0.6644802146384592 
-1.994500661864407 
-1.328229546522028 
0.1052865159796701 
-2.750269850449099 
-0.7274248403135385 
-3.361891667650756 
1.443657254386015 
6.088399151843567 
-4.483811874197791 
2.966347195697844 
5.111547670197744 
-1.857326396138736 
-0.7223260511716736 
0.6213243206412096 
0.4006029691372394 
0.06209620780499491 
-0.6888187286592985 
-2.54138593047543 
2.625667092323872 
2.351018321460291 
2.341587203859073 
4.532381659295384 
0.6182791559475764 
-5.018949361200616 
-6.075627164473607 
1.964191533657875 
4.341361924184871 
-0.1345547041174912 
-0.2888434279389435 
2.464442954196596 
1.229933930168723 
-4.890322963685352 
-6.993352523958717 
1.211522375321319 
1.045564947464404 
4.053543262409925 
3.382404510023465 
-3.011634935239051 
-2.882685916059799 
-1.056417166245022 
-1.643668942919408 
1.797443195159196 
4.572525133086478 
-0.693079988396469 
-2.052180988221807 
-2.525916463308149 
6.675558259138818 
6.498421370821972 
-3.092658187305442 
4.54942622720467 
0.2528998828646005 
-2.416970830030496 
3.398496693531564 
-0.2526957017181519 
-1.383091730110287 
0.6034284963052167 
-6.690444243591195 
-1.743981862403372 
4.148089157998025 
-1.694747487386886 
6.354305019109933 
0.4551651663633001 
-0.04266350655613788 
0.5426912490238575 
-3.487711641654848 
2.435210833464438 
-1.911545728452466 
-0.7172349918233544 
0.2304933253362433 
-3.298167530167988 
1.203033834913867 
-0.5092308840550909 
-2.091394924297393 
0.4050290860429093 
-1.711350073281856 
2.261245134879155 
-2.110970013866057 
2.673741249902161 
3.698380200212001 
-5.481533111484959 
1.796523542251946 
8.94372038700436 
2.488016800782374 
-6.827253238957121 
1.95748167752572 
4.495191323658061 
-0.7822781038423405 
-1.716896295073658 
-0.4062029207453353 
4.45609144821603 
-3.960421717070816 
-0.5866270962549118 
1.679688600929582 
-5.327793867688959 
0.9983136331319182 
4.876401357522998 
-1.415904737085199 
-2.987749831382816 
0.9986001442367421 
1.079241209129719 
1.83979068480242 
-3.44675385728644 
-2.062419624825026 
8.627806543433859 
-0.2144756895871456 
-3.46450075824655 
-0.3288920293941344 
2.782435885726136 
-3.101272942453089 
-2.475286158069194 
3.177031422565684 
-3.486315010615961 
6.068596353253374 
0.1684719583919581 
-3.62906471579131 
-1.193087096916821 
0.5291511836142004 
-1.327405906693445 
2.401389307848811 
1.176837218279599 
-5.206818460198501 
2.764937941831627 
-4.310820633421367 
0.1949134388936818 
2.707728335520363 
-3.40094641232416 
-1.761085176938212 
1.672375156216112 
6.67604389176735 
5.606386146695393 
1.622389099713893 
-3.746944366802404 
-4.639719865009559 
-3.587237913918923 
-0.77052155470946 
2.44185777715199 
4.332119674121379 
3.623027508761794 
-1.975118677224446 
-3.101253302379045 
1.693162158920041 
-0.4439653245714521 
1.692038210061569 
3.023175957464091 
-1.669399136952455 
0.5249678285176383 
-1.329360434370303 
-2.397958047917923 
0.04903157899715414 
2.297133934884523 
2.531719068983159 
3.952097414520575 
-4.179430687356216 
-3.073960900012316 
7.073509061060339 
0.6921764079336005 
-3.837275855001124 
-6.877060378881755 
-1.831590112302445 
3.746937702367272 
2.952949649611436 
-0.2453356665891837 
-0.003676581481445348 
-5.545824642472422 
1.177054994219726 
-1.369653940281007 
-1.454233564303214 
6.979493012806895 
3.64044829479761 
-0.9931662948532266 
-1.094232578988898 
6.320018588473835 
1.58877964347184 
-1.713072577566694 
-6.328339005062789 
-1.947014674050829 
4.008082087935528 
3.204089407023826 
2.153706166116189 
0.8008220196036829 
2.154005323151925 
-2.378646362115603 
-0.2859912353469019 
2.461448257504134 
-1.000076424048548 
-3.092398556538991 
-1.119667722360616 
4.060663286619634 
3.983439468726303 
-1.474900373969856 
-1.341606669181416 
-4.307108228532286 
1.496288564302952 
3.173610636455987 
-2.585176162355381 
0.4314738081972154 
-1.293561727573347 
1.981420307602945 
4.176486425195379 
-4.518752023024272 
-1.589433433733745 
-0.1599190613055742 
1.177153861832155 
-1.060501043956649 
-2.945085739030798 
-3.708935594083234 
0.5017892670043324 
7.097954829944997 
-0.1038224722409854 
-1.824310949705724 
-0.09940334534367397 
-0.5171587671228576 
-2.100139219097986 
8.114665798419852 
1.86928405118652 
-11.79781962709897 
2.744027120334141 
2.698431244389705 
-4.683218023169055 
-2.688199320807128 
-1.409209651333222 
5.760332084901941 
2.963625815204959 
-1.709271426324067 
0.5960222485181842 
1.839834134279361 
-4.676157570340763 
1.236798322687152 
3.224560153095104 
4.857759414463305 
3.553375094326499 
-5.555748889033526 
-0.8569192286790196 
0.2468872156077465 
-4.258022260372981 
4.346495149806294 
7.959405944540856 
-1.972618603663395 
-3.745267271416274 
-3.465590974871373 
-4.446013358248638 
3.607216615029201 
1.831791080048798 
1.132905652171301 
4.112930442876459 
-3.6603757144122 
-2.376517597095604 
4.044554431359081 
0.7728924691408371 
-4.69897973021361 
0.9731058395922235 
2.506530657799978 
2.745505001404827 
2.823823402610191 
-0.2832883779626805 
-5.419935132552164 
-1.511346280343279 
3.060588161614112 
1.41875674671852 
1.068625850737228 
0.2169085904787471 
-0.5453106335318215 
1.843369249511628 
3.216748413794615 
-7.262300160749227 
-5.700158011591856 
4.644227789072286 
-0.3312102827334087 
1.324737958332763 
5.392018505687715 
-1.361082722573644 
-1.861746501818722 
-0.2276252011644584 
5.041076626343455 
6.6593646622831 
-0.7945116698994652 
-0.4338035420138525 
-0.9076908930694204 
4.883135402273767 
-0.6892265288449534 
-7.22814564161429 
-3.094627954726187 
-0.9106301407404588 
1.590927339762391 
2.423343362596782 
3.348634988521523 
-1.826484106283461 
-1.697364613493756 
-0.6768277836542779 
-3.719973333742191 
1.532462327201478 
6.751171848454805 
2.376623375823152 
-1.666948376571501 
-0.4251153808429419 
1.557317145274967 
3.644579489816223 
-7.023951931132836 
-2.226727256108256 
4.409969694483594 
-1.371331853047036 
-0.7969513795770133 
-4.283892780810938 
-0.9211086626399609 
-0.9020452751188919 
0.7350053219954992 
3.80404013978952 
-1.71606213919185 
-1.098239046338422 
2.197214306504125 
5.416803969763913 
4.054481829266641 
0.7260504797708813 
-5.169429572646039 
-6.527549050487725 
-4.171013282953631 
-0.183386172110599 
3.977837523750101 
5.463509609123999 
4.457187066610927 
-4.215508262762648 
2.241113558753395 
3.570604305284551 
-0.6302408159981392 
-4.492761908390809 
-1.124005477765707 
-1.363256059756173 
-1.589561553845882 
-1.042204807727729 
-1.62650391020174 
1.989719976433753 
0.7616901854735689 
4.375667548635235 
0.7716327163035999 
-3.667690036109466 
0.6314671028449635 
2.735864589230596 
-1.685898658613454 
7.420778625205413 
-2.211903055187352 
-4.037605460989549 
0.8772230673124849 
-2.195352608171315 
4.629283600993391 
0.6076492804933715 
-2.771951812744533 
-6.589898992322193 
1.365497777291629 
8.541617525993036 
-3.435376625717696 
-1.658491852504184 
2.027624796199445 
1.765636336877 
-0.8957550224041823 
0.8570505877489673 
-0.575751903826236 
-1.006788551430862 
-0.08752338469508812 
-1.010389521313231 
-1.227733027564666 
-4.843530826989017 
0.8744788200251026 
10.17158102378642 
2.40142311457441 
1.069753911712628 
4.980580708341462 
-0.9165186405005001 
2.588197377701702 
-0.7220886212042562 
1.41116862896326 
-0.2785345469691559 
-2.492223829782802 
-0.3564799214688914 
1.684119336087419 
-2.056134706245705 
-8.412635697572913 
-0.2393223810870883 
-0.3313563722754388 
4.067768509455938 
5.101853762053451 
-0.4790725959810466 
0.4398019279884932 
1.498120525305413 
-2.690165732244247 
0.7033248558904301 
2.182358790976235 
-3.839844621598928 
0.6629742543027841 
3.901853887089775 
5.192872461298151 
-0.1476916068664784 
-2.898372436568218 
1.458811969124947 
1.654868518556882 
-4.251612676673563 
-6.432302701977542 
2.041286047216748 
0.8209915717364735 
0.8720294608207263 
0.3966444870233961 
1.367156390389155 
0.03922149592903179 
-3.27893489621452 
4.382368559921583 
4.43055705463173 
1.919760429180237 
0.8691843538531323 
-2.596083865637319 
0.8185783841874571 
3.864796381771376 
-2.997138262296073 
1.058870050906979 
-4.713941998772432 
-0.7144608868366938 
2.35228176629368 
-5.433285276816815 
-1.950655894708415 
7.71711818427876 
4.931492744855459 
-3.289615839392145 
0.5138394708614017 
-2.058804294490185 
-3.140266568801088 
-4.17227656084981 
2.837902830890315 
1.513906377599061 
-1.023194485597399 
1.716691816039678 
1.189530704633617 
-1.109330406892881 
6.202722746501507 
4.326975694600947 
-2.3305743475654 
-3.598274319608856 
-1.721357833138896 
2.203285043307814 
1.066301370029982 
-1.518261488341567 
-8.907485524717266 
1.598608746729006 
1.164670218152642 
-0.1682591464957296 
3.501637175515137 
2.809103416505128 
-0.5168133427851567 
2.648368088297685 
-4.918632886760233 
0.1156494679956362 
6.365310380976978 
0.2744842826826088 
0.8924736267579305 
-2.098056457567536 
3.404336938298567 
2.944260972486862 
-4.220698415040876 
-0.9643390449294809 
-1.076897770085504 
-2.460948585030737 
3.052111059649143 
0.2577206388894915 
-1.041295540495092 
2.606475776656743 
-4.004385855400284 
-0.2041627749560546 
6.237752729981342 
-5.329491903476218 
-1.616829653869353 
2.103314910948699 
-2.312612552191926 
2.360130419158053 
2.989537617157843 
-8.113848734019754 
-2.088447112378648 
8.405972063663725 
4.1156360317382 
-1.568112528807108 
-2.145153211174826 
3.855606541991104 
0.3136090613631533 
-5.269222006170066 
0.4227336584665087 
3.194513891569538 
2.683593333703865 
3.655299267578902 
-1.894372651011941 
-5.371854989299525 
0.6773030460552386 
3.535876135775274 
-1.198986234036701 
-0.4496462487840019 
1.041293381417554 
-1.21291463648999 
-2.227394818213466 
-3.612693560966019 
0.005173023524129729 
2.921323101668755 
5.040477658954345 
4.320648257288363 
-0.7134323560289648 
-0.241937807920904 
-7.072324356389657 
2.000490537709316 
10.03624693279373 
1.150945508066947 
0.4797933014108364 
2.391316401668632 
-1.905287455097991 
-3.102416283582991 
-1.359271946408659 
-0.6088410402507493 
1.322368800047493 
1.745607958633191 
-1.030903068677114 
0.5311982211625649 
-2.387664295327261 
-6.061431964345099 
-3.026008178012755 
-1.595954098863754 
10.64454226785143 
6.427043597855879 
-2.743103643453203 
-0.2611257987675962 
-2.438973189561099 
-2.2784502268935 
0.6415919670241618 
1.072000112833631 
-1.313928258891069 
1.826835118737459 
-1.310377173950988 
4.103774611838697 
4.856279188219609 
1.234176984810711 
0.9082757804122119 
-5.479312923506622 
4.406719867067336 
2.445781011869525 
-0.7408308672801992 
4.321576913683475 
-0.1740736032138399 
-0.3495334661952841 
-4.145488590944662 
-0.5629927855687913 
-5.646210387932131 
-2.16436551855226 
10.4015867496531 
7.850962065120174 
-0.5054202298566831 
-2.66550695222493 
