solver_type L2R_L2LOSS_SVR
nr_class 2
nr_feature 1984
bias -1
w
68.83217187073232 
-61.93870006446612 
3.362032834585659 
27.83109590767609 
3.945442922516313 
9.143741980602082 
6.468321921273096 
4.298096950178147 
-0.08695555654770022 
1.738083167855296 
-1.302232009849863 
-1.802264698076149 
-1.074318817564374 
0.3381503547664135 
4.085725583681602 
3.566171522990238 
0.8179240000856894 
0.8119733800576726 
-0.8439315120057743 
-1.948827049908157 
3.513356896735272 
3.494695804255723 
-2.243557241675885 
-2.454860235871728 
2.202855336888572 
0.714776317033784 
-5.756517201763858 
-2.503338892250587 
-3.112710030724791 
1.787264588527721 
2.166905094048439 
-1.125952089974813 
0.9911471752405571 
4.396055420957624 
5.589047740658978 
-3.825468960767698 
1.355899186616003 
0.9552632113281787 
-0.278481107251868 
0.2680102057169819 
-0.8054795085654999 
3.191434610770476 
1.321571549048357 
-1.496647197625118 
1.411286037330996 
2.027195949647489 
-1.335460270020457 
5.093930468445003 
1.452097875414218 
-3.002295951021918 
-2.387192082324109 
-2.35978665632301 
-2.622657139587802 
-1.359294687116792 
3.904109803335587 
3.572463551288908 
-0.5580347130227747 
0.9354244705554616 
2.846416394202523 
1.642699353264444 
-2.301937490703423 
1.744736428844059 
-1.762025457512853 
1.352058326305997 
3.659560796124316 
-6.657431319593814 
-1.8048712428817 
-2.761801981987589 
1.197920553238905 
6.44647602578608 
3.993797501208308 
0.9580515093720589 
-0.5544901223026116 
-1.967043681912635 
-2.896914322215241 
5.238618262401939 
-2.312784974637622 
0.3749482486815785 
4.821579060839451 
-0.2437242390248939 
2.911106795489691 
0.6025036408049752 
-4.1821083697873 
1.574658509036058 
-2.50936900624249 
1.304750364356648 
2.312733475792736 
-0.128525471713359 
0.7180416467411849 
-0.6675792775104461 
0.5251797527680155 
-1.289727143723305 
1.333837403790579 
-2.546067547653156 
-1.855661140196976 
1.975756243588616 
3.373285438085935 
-3.94550935192523 
-2.212914208766203 
-0.3680856063093706 
1.008747643812098 
5.07962642471985 
2.861320917187183 
-0.3937762004775126 
-2.31596245835409 
-7.275424463212709 
-3.782005007733334 
5.42570937935018 
-0.01616817239215379 
1.340270785894226 
0.1995317403279278 
-0.9423626122344383 
3.244841590038133 
-5.370613226032285 
-3.912225107780538 
6.551134186319938 
2.417558461098977 
1.300025728719148 
-0.4210456788281924 
-3.165468813634522 
1.107466599567458 
4.143514194485737 
1.243782270192911 
-1.292852472954616 
2.654924016683452 
0.3490518929031831 
1.846796600656031 
2.705496515130942 
-1.721588423447692 
-1.496277314188881 
1.553142696227019 
-0.1183587812833928 
-1.745156353701534 
-1.333724284226353 
0.83463211069363 
-1.902412691380947 
-3.047757762117925 
1.105264651611453 
0.1387074524723366 
-2.264950191322115 
-2.513797688754671 
5.680244418339224 
0.5242673235728764 
-0.07492680684239525 
3.991538169294819 
-3.677687012740027 
-2.416789805720469 
1.372758758830756 
1.928127504208367 
0.3996837689505594 
-2.577034526839693 
6.357086184602213 
2.472576426832021 
-1.353198164940375 
3.065383036398049 
2.997583013551629 
-3.296679558052313 
-3.320252904754544 
0.6141265241981873 
-2.204104797381319 
3.091930677230603 
1.643142423420867 
-3.708248789175636 
-4.701560009332746 
2.171759844293863 
6.876551119042598 
2.965898638007566 
-5.937573972132747 
1.660493857885066 
2.257434156059259 
-5.596014462285224 
1.664084264705813 
3.449093426293008 
-0.2033345257179512 
4.377661449267084 
3.82376826596496 
0.2762643573602735 
-3.938636298121943 
-3.988485484292144 
3.518224955855762 
2.577173357312973 
-2.197012076799691 
-2.261343947605602 
1.39424427893367 
1.615466142889503 
-2.844935275511542 
-4.173033320698988 
5.323655151840062 
4.622085897227593 
1.464355804606084 
-0.06097886239537936 
-2.251071531080007 
-4.651139677558914 
-0.4153982194821386 
-1.168551090914655 
0.8132045798521912 
4.463519830222236 
3.93951254466513 
-0.2653034799932453 
-3.956355964143205 
0.3887812768211053 
-0.03747699815100231 
3.234735694047503 
2.997190951287007 
-3.811980360475361 
0.701951756676516 
-3.373624332671381 
-4.21478879420039 
-0.3646429051790505 
-2.501191128795786 
3.355626378434041 
2.131697067611062 
2.872732308329303 
0.089029566658931 
-0.5598444496164547 
4.482672777030777 
0.5448178632759335 
-3.310466503728077 
-2.279173056583379 
5.678986055014923 
0.4645347075262628 
-4.523584012452654 
0.7928978494195552 
1.236499208707884 
-1.790993609692578 
0.1615235375703362 
1.597631157018146 
-1.997781780900204 
-2.523072926525578 
0.2185203350184277 
6.130860100224804 
0.4450867647969807 
-3.438825290758502 
0.5458803953332789 
1.302886796301772 
1.665621912354827 
3.126560944688998 
2.912868542393861 
1.048324439634372 
-5.482234837717528 
-5.677274884663698 
0.966153269129249 
-1.475415642231785 
0.5530659328865478 
8.691167614502023 
-0.9946202027555255 
-6.186763058971972 
0.4826560940539051 
4.722168364713414 
-2.412398305345785 
-8.37258978864028 
6.304994904907771 
3.452197180995191 
-1.288797568386547 
4.725308947114023 
1.69276226880845 
0.2961798490893353 
-1.102139015274247 
2.633713101483982 
-4.40986754990045 
0.3823290339327521 
3.79382938850447 
1.760488379182704 
1.328487681821653 
-3.392511991320183 
-3.826371890257072 
-0.7559999665031952 
2.602065179299633 
-2.58424970925887 
4.018637401869911 
1.448101034279539 
-2.241934526360045 
-2.122379394915197 
0.871076609361185 
3.362030428126015 
4.709903950608487 
1.315873726561508 
-6.259217319274252 
-1.037269534705413 
-0.4712227829552604 
-1.462553205562849 
-0.676326872490699 
4.82079208473569 
-4.072413609242578 
-2.413909049510213 
7.060331357700372 
2.603455368622668 
2.131219336314355 
2.064426132344738 
-0.3539618363414099 
-3.03720849033242 
0.915087146146174 
-1.044984017257911 
-0.6553914224276832 
1.817770674941984 
-1.33332275552354 
6.006396878332982 
2.242661854631031 
-7.777627035279514 
-2.740181731242772 
-0.3537539253784545 
-0.08953286594699801 
4.335982810169379 
-1.311526302016207 
-0.150280262340615 
0.002809310743216599 
-0.7904962077343005 
-2.91480323775105 
-1.180993976796814 
4.869979200325034 
-0.922683158443396 
-8.215344169430145 
0.6664182222868007 
6.224936109074881 
3.354587918147161 
-2.329065476042297 
-5.626364996372851 
4.984994398282614 
0.401861157912391 
-4.534234529703408 
2.835447333160541 
1.297597499196584 
1.05795796683499 
1.112320774274895 
-1.33472870597195 
2.855952892589689 
-2.260758762670261 
-7.202050805024623 
1.519336561963782 
4.228783813836361 
1.3629537679137 
-3.139198241639901 
-2.625615920140981 
-1.39684430134949 
-0.06683323855655883 
2.488675588953017 
7.529730895968203 
1.157898340618638 
-4.135240090244722 
2.417724071599771 
4.086216341005211 
-3.788564786216682 
2.432164555034204 
-0.5642882726248701 
-6.14429939955535 
2.676987033544397 
0.8295888619006625 
-4.635417595463236 
2.634559634350454 
6.495663942313922 
0.696837054415553 
0.9112823252785959 
1.75900157486392 
-5.101141754109944 
-0.5803218817537358 
-3.943804603094675 
-1.385189835145442 
2.620769168875582 
-4.106545195079423 
-0.9512734443620604 
-1.366341177997174 
1.079968913459543 
3.581029957537285 
-0.3148614156479106 
0.5822211697989695 
2.626559391495601 
-2.481679713507153 
0.7981279240909204 
1.479398397278607 
0.8761435591705441 
3.331501916343093 
-1.567948212260338 
1.150537799390007 
-0.06564237508333379 
2.92568559368899 
-1.041164577767665 
-2.98007474124777 
5.725487803732524 
2.72899075547134 
-4.53645099031661 
-4.313263219956426 
2.81679552075525 
-1.109438974579412 
0.2632004655069364 
1.789804652459293 
2.506608778631834 
-0.9650859550124483 
0.9369201829211437 
-3.460330357968657 
3.402284635263308 
2.98847543055136 
-2.486698833574648 
1.175317499150111 
0.789993527786906 
1.783760776003042 
-2.185478596864267 
-4.455190400016189 
-1.912587970333032 
5.496431148803632 
2.4476272109784 
-2.063789858805533 
1.709713466369872 
0.5457884405051897 
-7.233629896583108 
1.780723697546237 
1.931492118898968 
-0.148107659377365 
1.247320962681342 
-7.889969013704069 
-1.051583239374082 
3.421360933215032 
0.8230946584678033 
2.000402782027686 
2.055431956289363 
-3.852064669558113 
-3.241467532445957 
2.071103175751267 
5.483074799382989 
1.270248401428212 
2.584836599395648 
-0.634412958227611 
-6.105599006165423 
-3.443712438396806 
1.005898400772713 
0.8353545645997958 
6.115888884844909 
4.148752371978906 
-2.208201302270453 
0.8403818421304645 
0.3342988899977382 
2.487763883885536 
-2.642980964468054 
-4.88229212401734 
1.846782276288088 
4.846808631101538 
5.77485589826648 
-1.438644222542663 
-2.587556194183059 
-0.1924905564758397 
-3.177552171778677 
-0.1948418140251745 
0.7451489963771242 
1.15622010846962 
0.6668286345597484 
0.01313867157949199 
-1.877618958592323 
-0.7223836893596769 
1.559210651018566 
3.495619108995902 
-2.505867054654604 
-0.8784119539415607 
-0.7325031659831658 
0.112633041369314 
-1.990065462546606 
2.757347762316098 
0.06640338169538323 
-4.444540232377799 
4.954387438808299 
2.628711803631653 
-5.444603372149464 
-1.669095307298247 
1.085402730838229 
2.738255741143826 
6.087299044327066 
-1.771226448940904 
1.432565016629318 
2.721023354110264 
0.1322200718030303 
2.2956885486779 
0.01968071031680795 
-4.1757531308239 
-1.997407612572431 
-0.802812097381397 
-2.96437339181534 
-1.304916296315812 
3.58859559398293 
-1.432061754369262 
1.769339338540971 
0.7093606459638973 
-2.841068188104868 
-1.63539005788933 
0.5698941324982555 
4.843279969083362 
0.5195733698118256 
0.07341301333574571 
-0.01854315548223007 
-2.716238251217638 
-1.305546602196985 
1.989949759771711 
1.436037233475019 
-0.08719387165845031 
1.328230246679571 
-1.137005259621398 
-2.015423294216921 
2.572710013497081 
-0.4344676361971485 
4.192335730394166 
1.350478141251096 
-0.8421655972680748 
-8.655941252379884 
-2.303357969405821 
2.779236449029998 
1.310642708948616 
4.683905437236806 
-0.2224427981899259 
1.4725834740492 
-0.05882454783544108 
2.077864660759361 
-2.727535983033505 
-2.356029480553452 
4.164408150531273 
4.152040536935871 
0.8848999342452827 
2.580025036040744 
0.7242558608180396 
-2.236399148966305 
-3.357525638389871 
-1.744934250214313 
-0.6236476339265151 
-0.01772278670236921 
-0.3009504860441003 
-0.8594589938441214 
1.149300543137915 
-0.1471919067575425 
0.5246836244633122 
1.43280903766548 
-0.391496907338458 
2.330704532074131 
1.044554844880507 
-0.339165714078498 
-1.834984636806458 
2.624156404755071 
4.300708531373748 
0.7102721241459321 
0.4391880677228781 
-1.146294085863418 
-0.2786975677072482 
-2.058611987358483 
-4.115410803453201 
0.4454773203963618 
-0.04768582952420788 
-2.591734359343186 
-0.9291848241239175 
2.495418742002915 
0.03686956533475978 
4.597242731153099 
-1.102078907470472 
-5.044140708329187 
5.61094823246954 
-0.2135084622023638 
-5.952145533001954 
1.322559594730886 
-2.81731049297328 
3.305258963432166 
6.448759675077451 
-0.7623894021863026 
-0.1956037727611447 
-3.907712241670724 
5.555377613512265 
-0.1016957497020057 
-2.640995991016709 
0.1868527311805378 
-6.020470940044885 
-1.56928775926867 
3.815123101367419 
2.893913292951757 
-0.4019191936595938 
3.431695213224821 
0.2681953954209681 
-5.091195182910691 
-0.04012451546973383 
6.652220389290712 
3.2870971935718 
-1.973772046613686 
-2.325491001857357 
3.034925974487907 
2.083508316673942 
-3.491905931091051 
-4.71489908126498 
-2.486208925981638 
7.513585364205476 
2.326997010122351 
-7.228587877905357 
1.380311955088081 
7.596121543562337 
1.849814540349279 
-2.583333082869321 
-2.052135505844706 
-1.482333218782418 
1.730358351033531 
-1.740561941040478 
-3.02188716232432 
1.270738620159276 
3.157160678482192 
0.5175896302788856 
-5.393361790267297 
1.0030001315303 
6.408463378267668 
1.480869933605935 
1.427682189220565 
-1.83676929250731 
-2.133582884527397 
3.529543766909903 
-4.5863933464991 
-1.299442855577013 
1.245110558150367 
-0.173474202744044 
-0.4975397446347343 
1.784992535260378 
-0.9366439141225004 
-0.3333748303622651 
4.857389862416669 
-2.33520555005765 
-2.265457987990201 
2.077848324599441 
0.2082183554249363 
5.295504553682118 
2.690207462549427 
3.351854227267888 
-2.299825749249166 
-4.637802354599752 
-3.836925530186847 
1.744910316782454 
1.4913598393678 
-3.241000989668307 
5.357710055681546 
8.801070375583185 
3.026091538179336 
-3.312302918196076 
-0.7719322353379101 
-5.049426658952284 
0.5280955974992654 
-0.6161086215717919 
-1.695151998173464 
-2.371455742896885 
1.910313631427146 
4.137701835285118 
-0.1299338700149063 
0.3947612725652115 
1.587681917142001 
-3.429946207331847 
-1.457185847673981 
-2.618468805527571 
3.217946084314127 
2.405866178628516 
-5.118857959262255 
1.725274431033095 
2.185049903860025 
-0.8755443338260226 
-4.036356863203748 
-4.151604377576572 
6.32771927781079 
3.407883861308429 
4.02854779989423 
1.530105925190104 
-3.609616299267907 
0.4402559283922052 
0.4340234987989212 
0.7392113643840338 
0.7598430466460948 
-1.614295960239362 
-3.876601207170209 
-0.0748443227157346 
-4.061815504221319 
1.467367165493414 
7.451225236815712 
1.034473605074225 
-0.3098084107632615 
2.074919581905168 
1.010312357567641 
-0.04283702790673197 
2.540845859273994 
-1.17579754787697 
-6.54334995912918 
2.860718393516336 
0.9211898002246625 
-8.244988494352789 
2.087600082565294 
4.871083386522845 
0.01165998939875421 
-1.369136022945123 
-1.236803365001204 
1.416935773405237 
-0.09949293477930472 
0.05652719414599126 
0.7999812581513959 
1.533114215133998 
1.782479048703663 
2.91668394827295 
-0.9727506104714841 
-3.347253418818416 
-5.041242134362142 
2.28836328552357 
4.576076716181196 
2.821492203447197 
-3.575404270625532 
-2.851740718559233 
0.7949538761449824 
-2.834268837822936 
4.092771808782723 
7.153414059533701 
-3.799256121749598 
-6.393704861297027 
2.240378812529538 
-2.579385355437848 
-2.26203654574828 
2.039787472082438 
3.33419747295932 
3.528668467541444 
2.288224857179544 
1.566772631670396 
0.3251130085078271 
-5.729551129839128 
1.0230871640265 
3.081454031165145 
-9.802828037873208 
0.3235077780930784 
2.919031635446669 
-2.159743623942842 
-5.069513724134883 
4.074745101246116 
4.543558441104047 
1.812678866004875 
3.440891934869145 
0.4599337973994502 
4.512599155734346 
-1.168958391547575 
-5.921433387338527 
-2.878996690362773 
1.004254097961838 
-1.941362032270771 
3.162329739865183 
5.246660673076467 
2.040298078019657 
1.050972398036356 
-0.2692976596680013 
-1.684017643006496 
-1.539182593631274 
2.563077740534202 
-0.2354632981726356 
-0.4093690236433506 
-4.304018711700981 
-0.8142365639770909 
5.492825893801907 
1.077411567570036 
-3.262222214198321 
-3.431705337277655 
0.9373650108625834 
4.481205180683277 
-1.650099000640767 
1.2275903132209 
-0.2760929729270811 
-3.770067979524926 
1.048887670666026 
5.078272323149413 
0.7003032738675622 
-2.603483394571823 
-4.710468614610894 
-0.4632712140878547 
1.464355624586173 
-1.336938956057237 
2.298544815815107 
-4.142068644797733 
-2.644370169480998 
3.548669911268783 
-2.181872717951344 
-2.930727951646597 
2.496672957953016 
-2.197986126067272 
0.7932991396187479 
0.3878444557404226 
-1.233516650329046 
7.236627008187219 
4.054490854153301 
-4.970756134839656 
-4.402651854119604 
2.291321792678045 
0.607018981150743 
1.607546161048699 
2.776700899140711 
4.237683345416782 
-5.834702106161084 
1.517395746984314 
4.650750350837718 
-2.433924220402651 
2.591122605459713 
-5.962947563201758 
-4.768407562607491 
2.73409267680414 
4.658311277890255 
1.053491584852513 
1.271926955829211 
0.5750523654674702 
0.2201640055296929 
-3.732074384942225 
-1.262795832922252 
3.525353267135745 
2.416677690151703 
-0.0126147322956281 
-2.474525034245545 
0.3901455692911535 
-2.306112974700656 
2.33906274797372 
1.421340015209418 
-1.680587041151701 
-0.1134220767223708 
-0.4965166250432375 
-3.626441011830442 
2.057439818167288 
-0.8063050357634181 
-4.099104182949565 
3.302628739342447 
0.7390597704160233 
-2.363721557106545 
0.7282572790582923 
6.433004580819396 
1.339288384028909 
-8.076144864343799 
-3.106641000625119 
4.57316173494503 
3.667324276501351 
-0.4826482742413298 
3.826037335617579 
2.923366122861752 
2.169725154048888 
-0.1995097726584737 
-4.556720641025801 
1.040379564677518 
-1.598110513391327 
-0.9201087409135913 
8.056994573199162 
0.6678569667767319 
-2.041717730130832 
-6.227318913263131 
-5.15467919890213 
-0.496507592723082 
-2.655680527389968 
5.935206571732098 
5.105856661851506 
-3.511873177095329 
1.102975520241917 
-0.4173908949728047 
-2.328541785251633 
-0.8395350327882853 
-2.551515425505871 
3.204819446285836 
2.496648478429348 
1.399041836926123 
3.454854377118352 
-1.412078068454634 
-1.318036861302828 
2.176294036955376 
4.169119208694007 
-0.4280083703194126 
-4.902687497050057 
-2.446044241856865 
3.808233868413827 
-2.138562128745344 
-3.232623796030957 
-2.679012815357885 
-1.492137572202352 
12.08953018317749 
3.446878380233432 
2.22539146394475 
-2.520554407393387 
-3.920647967223029 
3.657593427709683 
-1.802116969447528 
-7.27120294636704 
-0.161176340105761 
7.708942395530019 
3.410236021089946 
0.06281881237222198 
-2.89771413867682 
-3.44415694304483 
1.773321783630923 
-0.701331473491755 
0.4779707806971756 
4.407589926416891 
-2.664622454598224 
2.181275687576361 
-0.7266625187399374 
-8.122816369860045 
3.070071044261458 
4.079147301776447 
-3.76600322821455 
-3.741169731922503 
-1.384284765861493 
-2.243341349437975 
5.518586226034381 
6.506892332037477 
3.530649607715931 
-2.241460752216222 
-1.185897755352535 
-1.485544401637316 
-0.9880292055002301 
-0.9497667371367668 
1.252522203943425 
2.093234130939271 
2.886994640118814 
1.166281832801723 
-6.377652388052607 
1.513876702372964 
3.479392266591886 
-0.8536187740001597 
6.409021989359197 
-3.643344370967138 
-7.377158250274992 
-3.31119766613879 
0.407582952833754 
1.668482527517542 
-0.1499277530133177 
3.700233650221516 
4.024622714243685 
-2.669061512046584 
-4.535384864725106 
-0.01772670485614355 
0.6543384660046009 
3.599052567770879 
4.061407685559399 
-3.53074934012253 
-2.803465453907195 
4.359458696437994 
4.034246515771848 
-5.566059460009207 
-2.355069438011318 
3.153897801196261 
1.924986375940681 
-5.503780168825168 
-3.302868052617666 
-0.3823090461756122 
6.121227583297861 
4.683892456071343 
-5.957354164899319 
5.241269845559326 
-0.2637482534263572 
-1.335502271800627 
-4.437282946516741 
3.774357489961807 
4.938813787107084 
-3.344334880194587 
-0.6864571526957642 
-1.352255460023803 
0.6354709910950536 
3.837863068063883 
1.530184886554823 
-2.060160452392027 
-0.488130760310347 
7.664060513764376 
5.457440163038023 
-3.286052098474682 
3.220889198289849 
-3.299979857866302 
-4.689593618651187 
3.686962622041734 
-1.812816037361362 
-5.190015902383253 
0.9753468765600627 
3.079609360274203 
-1.840742113118852 
3.20741273831323 
0.4266911026380851 
0.02944564079018842 
2.652698555678281 
-0.5616721074195854 
-3.205404882879172 
-4.900625165992467 
-0.962640707204697 
2.815565261146247 
0.6158683563625817 
0.01857867479846425 
3.215731175422656 
0.4217621839759801 
0.7812799111272111 
-0.7396941048109594 
-1.245950926271001 
-0.5644684780971982 
0.7624152365396635 
-0.3486893777685265 
-1.809910977803254 
-2.743407561166114 
0.7325480930574243 
3.914711375674611 
4.920785797678542 
-0.5354446557807733 
-2.51783185948212 
-6.098713764822604 
2.02293932860783 
6.304784708090495 
0.9533849360588003 
-0.175055294916494 
-4.618819897121865 
-2.585683343965052 
3.65602777876495 
-2.113232543691448 
0.512942117299562 
4.982994407923733 
-5.75839470027443 
-0.3071999546005564 
2.683209309250399 
-2.333933602069421 
6.050577723958885 
2.757924292737627 
-5.937044714660263 
0.3600496239395194 
2.704107509347269 
1.765965757034506 
-0.4819883670259548 
-3.730497025948485 
-4.164040832317497 
5.128999089421916 
3.951656828213556 
-3.45710870597852 
-2.895007183591606 
3.50668908414879 
-2.085393177135664 
-5.938319976597204 
0.9857360402129187 
1.002111119922324 
5.147489539826513 
2.224453424343506 
3.271754353445785 
3.854492656387427 
-6.493194461510205 
-3.895171729852468 
5.092505856312541 
-2.505009072595407 
-1.66777471184029 
1.424683077112745 
0.4109971541357821 
-0.3882545203284768 
-0.6128286317304386 
2.422234155387685 
-4.358434279292506 
-0.6232143697782172 
4.34001744842947 
0.3709210378392246 
-1.580264333404031 
-2.991592698306698 
-0.7059077420099936 
8.084906536452015 
-0.9328664618208657 
-0.3121671664600376 
4.256165495342604 
-0.05379373696756479 
-2.62478566931711 
-1.215582361384643 
-2.154130202711658 
0.9428832384664877 
1.04481017119072 
-2.216578539903956 
2.585081670416821 
-0.1511298814922433 
-2.191322911632211 
0.3454076699246066 
-4.254026961408626 
-0.791155526096509 
0.2254318631256918 
5.472685084460343 
4.455348432064364 
-2.322366117626604 
6.490573211599346 
2.870739288472643 
-4.602853327838846 
-2.321184215196454 
-0.9620835057803865 
-3.887885346617785 
-0.3147952979908358 
3.233101633524557 
0.8363900623084521 
-1.464578050457277 
1.7971678691537 
-3.613941977110705 
-1.571418273353723 
2.412945845418147 
0.3760171557341073 
-3.677344279868173 
0.9145303762008946 
6.341851142425615 
2.090583959537567 
-2.552248825145377 
4.077978228662634 
0.4529929711614707 
-7.751014854200755 
0.6580540406231498 
3.92207635735703 
1.821058615451875 
2.346093673769683 
2.058870275413941 
2.790840640922406 
-2.098147172193029 
-5.583323918502856 
0.2958308974885839 
-2.09419429348864 
-0.5079172146633675 
1.288555175477833 
-4.319899571883827 
-0.8307604400314023 
-4.14654902401085 
1.580691900914558 
4.35127272628131 
1.610360273987677 
4.825796400844402 
-4.408551351815283 
-7.902144036874915 
-0.9309787923822812 
-0.2025762306335875 
1.179770774478239 
4.161004649370659 
-2.029707989585289 
0.7700336401465041 
0.6929887068891941 
1.352855132867762 
7.196812401081447 
2.11042138135387 
-2.452256649885569 
0.1013126078226055 
-0.03831446442622433 
-1.988044490546394 
0.9478638563391932 
1.083492824671963 
-3.529874949043789 
-0.5297299838462378 
3.106898991801865 
0.1165396109513469 
-5.097287132468414 
-0.2703791335566685 
4.649863870044992 
4.013286795222445 
-4.546772983390814 
-3.841791133180116 
6.881488686460429 
-0.02685248132394969 
-5.42541447070461 
-0.7680548499934344 
1.631115463165923 
2.646033298123261 
0.239942458106899 
-1.394332161457969 
1.083859405155483 
2.627819474577237 
-3.419516100257067 
1.864718112509275 
3.25147387070657 
-2.977611075565939 
-4.30251795297776 
-2.834522875349711 
3.020742995552218 
2.379252415380635 
5.524672174702618 
-2.23818558362104 
-3.323948324428243 
0.6881837627088103 
1.466794412342723 
0.6150612085100978 
-3.06660065295496 
-0.02929608102997527 
-3.957208041630449 
1.797048758373925 
1.401833407537137 
0.9387281824014372 
2.053154358151551 
1.558090414579672 
4.228171250237014 
-3.017842719549951 
-7.327585728951111 
5.101247761431503 
-0.1889192076417979 
-2.06832670084151 
5.749720187955506 
1.011849805402018 
3.003497939370892 
-1.953245132030512 
-4.472913310802332 
-2.061851076160215 
-0.3060256558196575 
0.3187212783152245 
3.472912423102754 
0.1082235654659165 
3.519233409970491 
5.077003298643851 
1.520687871384071 
-1.79076582544574 
-4.089606594970356 
0.1776151578888363 
3.807962833487168 
0.1007106330190598 
-2.162303133993032 
0.1208256015745171 
1.273977506472076 
-0.06937501758756122 
-1.788830563327363 
4.545599942993735 
-0.337196813243661 
2.486616647926315 
3.029330630047382 
-2.812814455316208 
-5.685722006845848 
-6.368613548275421 
-0.07820005994359455 
6.356047936766872 
10.39511132304869 
-0.1884369347791552 
-2.019646118641806 
-2.118958253062114 
-3.617704195962561 
-3.67695116250841 
4.927158778028418 
5.02922973406984 
-5.162322643370735 
-3.758698214834054 
-3.281093781820227 
-7.096827044361047 
-2.084088362974574 
1.605297240324256 
1.16280816157676 
1.478156230425549 
0.103871566814424 
1.840534362583284 
5.476149677941655 
-2.972801770056752 
-3.181961337098143 
1.999007857021124 
0.4254174291941408 
-5.32240629578094 
-1.255661538060773 
6.840577817602397 
3.943208239130899 
-1.635794254346999 
0.5247632763576934 
5.124005115189965 
0.5061699264549819 
-0.2403608541271398 
-4.673201834336138 
-0.09788992644921182 
4.149803357480916 
5.17063129515155 
0.4485503990943382 
-5.937133675043266 
0.80761870114483 
-0.8838439029999167 
0.8758502372863045 
3.270568548476793 
-1.391420387845125 
-4.611693980714978 
-4.444274094802576 
3.862818159878302 
-2.591458590382633 
-1.910669322599622 
-2.698735207029059 
-1.296591286189 
2.270212879606714 
-1.102725150591151 
1.569291429202553 
-0.7520872617305856 
1.738830050391125 
-0.4484699219199861 
-3.399893212227021 
1.606471414662431 
2.502626944420706 
2.888675274615771 
5.309307212050076 
1.311544156934402 
-1.462634100493015 
2.965515132676026 
1.348117227372629 
-7.050327427002564 
-1.439093351292061 
4.823142327627488 
0.3435494240001324 
1.705925546407977 
3.339077593316103 
-3.309472355340676 
-6.252342038862249 
0.1669529975384693 
4.237504693724078 
2.14398563248425 
0.6960577760100189 
-0.05555769402689932 
-6.987642667370154 
-0.9826577466511984 
-0.04074780599909092 
5.619130967303586 
8.164365441547565 
-5.763721662007392 
-5.213159311454972 
5.120096618497688 
2.5158516492618 
-2.2454425183131 
-2.954251518001998 
0.6606890149293602 
-1.91582939671901 
-3.701864333265438 
3.458385008879778 
4.523602821709471 
1.026799757135563 
1.640440006376368 
2.024809021064746 
1.875228244752969 
0.5486903023984397 
-4.320619589230902 
0.1497203760254313 
2.627330074489005 
-0.9113358723416256 
-3.250598363822435 
-0.5022288866489224 
0.2552586405763241 
-3.445864710779772 
1.881988816629828 
3.06799170852283 
0.1389376001130881 
4.661332665567286 
0.8435364323937675 
-2.0763245582134 
3.912000612791386 
-2.427231923520126 
0.4434995715689444 
1.718649001383121 
-4.235885440813023 
-4.546378315049383 
-1.195468512692675 
2.464794985443525 
6.870170097989096 
0.8699905786755857 
-2.461420375803214 
-4.179837750945841 
-7.46712467362147 
-0.1842049456418472 
0.2924370773025498 
-3.734045929074269 
5.812644291310434 
5.634610820975486 
-3.167755005785284 
2.482813806225794 
1.405967128669142 
-1.266885763939742 
-1.696495111247496 
-2.23418965425359 
-1.887288161819569 
0.8198308115565883 
-1.203118065244183 
-2.688988880004981 
-2.937121165195883 
0.8070844215482822 
-0.5358367760194174 
4.717486896390566 
3.113903638012231 
-2.191580667598128 
0.2084011477701533 
-1.200768050770706 
-2.767400164576723 
-5.573437408929447 
2.324218206193351 
1.483714017470088 
0.337438450900678 
7.971439176506725 
4.574488534785949 
-0.2884365702888772 
1.400186037646945 
1.64749645442052 
2.559722784634009 
-2.405414167675501 
0.2471098396168376 
-2.127527644991893 
0.3311520877205247 
1.362469334138948 
-5.554516158802274 
3.152909466988287 
8.09471874891266 
2.766419027532404 
-3.96116990122266 
-4.194788266722322 
-3.844595585443666 
1.986787232874935 
-5.068859836084953 
0.07790989304057735 
0.07715266135727393 
-0.1235495197592314 
3.140184869158557 
-3.074813281421084 
5.803489320120364 
3.327146233417512 
2.498211328892579 
0.8370154426517329 
-1.129909997755322 
-2.265936396052413 
-0.2688755284983277 
-3.736400097117306 
-2.837845248172346 
1.004674581554453 
1.738150014975376 
5.442454859514517 
-2.263794055813637 
-2.099579267226906 
-0.424931738546669 
3.744759300598349 
2.887483999744517 
-0.3458014069113788 
-2.066863494322155 
-0.4942801497775033 
-1.107361750693524 
0.2004256108827333 
-2.653103119511023 
1.666697844395802 
8.689344179677295 
0.04137174016544531 
-3.871785360868528 
-4.214669041974801 
2.790516124734445 
2.159049745908559 
2.166030020943262 
-2.453522465371977 
0.09939014197958101 
0.7350097113551287 
-2.611191612216273 
-0.4176414722266683 
0.01886738877266358 
1.901254032214454 
-1.600333906229896 
-2.663798923508725 
-0.6151752421913073 
3.371876050433394 
1.66987734224394 
1.058464773070858 
4.419463452241717 
-3.04917430500093 
-0.8517631735740466 
2.05731586317035 
-1.617385291361033 
-2.924902552664515 
-0.4613321718024092 
1.883321803467409 
-6.434386873327689 
1.513854420828078 
4.015073059190797 
0.6588352662318331 
-1.993008536067049 
-1.333576002169998 
0.1045389434989842 
-2.754790955813667 
-0.7217931615754278 
-3.3517480669892 
1.434494160187935 
6.073883982349176 
-4.47757461599915 
2.967105302345216 
5.097680609095483 
-1.854358084971481 
-0.7143164143444881 
0.6254104047073674 
0.4109009647630317 
0.05923900338399533 
-0.6940989402048924 
-2.533351617554883 
2.620219995130346 
2.343756348016373 
2.34005106151353 
4.530848419960938 
0.6223577758646694 
-5.014603825207447 
-6.063428419268719 
1.962471960515375 
4.330811829087979 
-0.1305019595141384 
-0.2919615453092134 
2.453952239815095 
1.22476057833243 
-4.882649671131154 
-6.983040740620585 
1.204589904951003 
1.048539982975077 
4.050863549087605 
3.366712938125918 
-3.013087022233588 
-2.881626661482524 
-1.051087266944996 
-1.638860614973296 
1.800097342285263 
4.578976239981843 
-0.6914816563263348 
-2.041869067174129 
-2.525101699793683 
6.651639052966497 
6.494869327789702 
-3.072337225280135 
4.539551388200568 
0.244594040605952 
-2.404688812545794 
3.387183559315639 
-0.259212562569497 
-1.367107198243777 
0.5981230717969603 
-6.685311458768568 
-1.749979547805853 
4.140617755736041 
-1.684296462008321 
6.350271256259932 
0.452357913354003 
-0.04324243811855619 
0.5437504422707974 
-3.486381494975311 
2.431892394290556 
-1.913512977958271 
-0.7279102778512274 
0.2348575235117935 
-3.287309501383549 
1.201734054704102 
-0.5085164966503184 
-2.090691884741484 
0.3952397335812786 
-1.709489410532997 
2.266566403140531 
-2.110916012187471 
2.672736231945429 
3.697632883516107 
-5.466613033623734 
1.796288221434063 
8.922113564064412 
2.483024403735879 
-6.816986538156868 
1.949790182288329 
4.48649354464573 
-0.7750580136404409 
-1.693686188785773 
-0.4171153110118888 
4.439879074532555 
-3.949551464297548 
-0.5863017752168797 
1.683498159691589 
-5.321369737964215 
1.001747477652014 
4.865055236053839 
-1.418647369229254 
-2.981749969895115 
0.9991237246704562 
1.081617180279114 
1.836347729004685 
-3.427236880523768 
-2.072677529465684 
8.61433185996804 
-0.1915522746912595 
-3.471571491970284 
-0.3379946676476011 
2.78265760816346 
-3.104683021260334 
-2.48024754229925 
3.176374762233594 
-3.475687788239021 
6.066041740422979 
0.1675511821569981 
-3.614955150074815 
-1.192120909809062 
0.5241945852838625 
-1.330580815919251 
2.396342093335037 
1.181956609663752 
-5.20928490553413 
2.761265335997442 
-4.306491908651173 
0.1907106010124936 
2.709042896359744 
-3.410587081414132 
-1.769972468112459 
1.681883751840593 
6.6816053048346 
5.603284618110228 
1.629258531234687 
-3.748018507653027 
-4.63610173787573 
-3.568027428914714 
-0.780539342209009 
2.433107666853526 
4.312417034212367 
3.614606826369582 
-1.955668586152138 
-3.093805353652435 
1.69967759399291 
-0.454394110467521 
1.688227095781649 
3.017550311517052 
-1.660118383258911 
0.519665917375438 
-1.341393057454082 
-2.372897301177393 
0.04964609115529973 
2.285287824803228 
2.521683963562845 
3.956998721715174 
-4.179417134044895 
-3.065412846739798 
7.072045043179958 
0.6840531475693574 
-3.82999626712262 
-6.871504711070504 
-1.825183091908064 
3.733361172453847 
2.945974826616383 
-0.2460469280956843 
-0.0009230805244000865 
-5.5370413112786 
1.174989777456917 
-1.373015884703956 
-1.449062838858979 
6.96773395099819 
3.635888069638492 
-0.9851438132079779 
-1.090497322973344 
6.324610842053621 
1.582172215120936 
-1.720497971940846 
-6.312667662053594 
-1.943184151732628 
4.000064764463733 
3.1988611033595 
2.150988142726768 
0.7981772958837939 
2.158330101466344 
-2.372490438834655 
-0.2911251568647662 
2.453090362034268 
-1.0016310482026 
-3.087031995819164 
-1.119422739254496 
4.059526010258679 
3.968889980215978 
-1.473099973867046 
-1.333533127554289 
-4.311080075645723 
1.494356927287711 
3.172293219559482 
-2.575997310036656 
0.4303215230041015 
-1.298128880042362 
1.979543146594207 
4.172108915562935 
-4.511448572776509 
-1.584781414684024 
-0.1607871267094027 
1.185410379462584 
-1.0584201821227 
-2.942200222966221 
-3.707625664193916 
0.5022778751668665 
7.094104681660678 
-0.1221381037788933 
-1.829850262030888 
-0.07722246004419744 
-0.5061886481426067 
-2.109701835338391 
8.094140289274042 
1.863307636727076 
-11.77505476893181 
2.749978301841888 
2.697909768909791 
-4.690007550447557 
-2.68551021168477 
-1.416642335803916 
5.747519512552222 
2.975084591390639 
-1.703538937088596 
0.5979606907223428 
1.837699944381604 
-4.678300766457774 
1.238769787809377 
3.202367297802083 
4.850238326137278 
3.581131732092538 
-5.548234865365183 
-0.8540631728472288 
0.245887798358687 
-4.267775342607456 
4.339638511394666 
7.951982364030857 
-1.955722481274332 
-3.734063350033945 
-3.453539604236433 
-4.461225893654873 
3.588515896442076 
1.8422533008959 
1.127906190750205 
4.111267338008265 
-3.66020806549083 
-2.365692439468992 
4.040676274984047 
0.7713434831402251 
-4.701375865849355 
0.9687347821056012 
2.514106520141247 
2.745517572415495 
2.815455777561153 
-0.2755828258619213 
-5.399015718094843 
-1.507836870888053 
3.042415803006006 
1.407032459980499 
1.075289377893624 
0.2228690856711901 
-0.5437174517033014 
1.835342881368985 
3.215034594964121 
-7.257274838974486 
-5.695418394909618 
4.644764643688811 
-0.3290820269827784 
1.323223060474488 
5.382279007521571 
-1.356789127827661 
-1.856933281997276 
-0.2372430063095381 
5.033934626616047 
6.655249392130222 
-0.7969564203052952 
-0.4226277433117262 
-0.9109603231915939 
4.874663280411865 
-0.6882005485579941 
-7.226396053099593 
-3.092611052682038 
-0.9003963672889731 
1.594418202699783 
2.4162980878678 
3.346922311163248 
-1.82163091772978 
-1.700498995269426 
-0.6699416091380789 
-3.706355722819061 
1.532914936863615 
6.73847424417754 
2.373725156212921 
-1.665054753738045 
-0.4306690934685666 
1.548239784349813 
3.654140564215778 
-7.00007138652977 
-2.232783683255404 
4.404942741706433 
-1.375750081497292 
-0.7965695699317735 
-4.268141119107465 
-0.9303816418079413 
-0.9133398002969657 
0.7385185976940799 
3.791419910243668 
-1.709050892862242 
-1.09128646182022 
2.195725020069478 
5.418793426669896 
4.050372525384481 
0.7214349625456402 
-5.172449379920704 
-6.516189804716526 
-4.160314794351542 
-0.1868786474167891 
3.969533668056813 
5.450966074440776 
4.44203269838854 
-4.203866861771068 
2.259650183506904 
3.567885483413089 
-0.636620041501855 
-4.479495434642834 
-1.114855727874395 
-1.357309298395051 
-1.590352656499311 
-1.049009189965686 
-1.639084341624655 
1.9816774824457 
0.7765856585496441 
4.358279111673171 
0.7561132250006128 
-3.645461612863063 
0.6542984250943078 
2.730659802634494 
-1.688343568860483 
7.412817217136563 
-2.212911326454118 
-4.035924662708323 
0.8758851979962127 
-2.181290990581674 
4.623616754887722 
0.5992332506839557 
-2.765355840239421 
-6.584558560855189 
1.360479052489878 
8.531816642732494 
-3.442084678336641 
-1.640542501855472 
2.023165402100757 
1.752206060405421 
-0.8929129148014026 
0.8569983008892873 
-0.5745009690446906 
-1.009722575241258 
-0.0818033429637563 
-0.9997702012597708 
-1.236845458727681 
-4.834941722344413 
0.8819126818183963 
10.14670605289094 
2.400445426943649 
1.067828502416835 
4.978496397331264 
-0.9062966297080493 
2.582058505443594 
-0.7162130128796099 
1.407943527420289 
-0.2848870697517429 
-2.485089133035539 
-0.3576740793816306 
1.679317515681378 
-2.048629762678295 
-8.396166491176817 
-0.2376381786085578 
-0.3368730705341071 
4.05377939352842 
5.089921457821132 
-0.4799523645890088 
0.4533601231208698 
1.493750895382192 
-2.701627403599209 
0.7077099215520557 
2.180119200244418 
-3.822326443729782 
0.665781270555489 
3.884220304118633 
5.184313698061339 
-0.1357502571484942 
-2.890290857677886 
1.442583959476884 
1.653519392671406 
-4.249135232519781 
-6.407348579384276 
2.045297467574814 
0.8116143575621221 
0.8636070120458601 
0.3899052367996145 
1.3685456978095 
0.03903333688306462 
-3.274096458674965 
4.381422480734175 
4.428551338361306 
1.912378683319741 
0.8790650739074864 
-2.600569794176414 
0.8085208750039 
3.867016232539395 
-3.002972776659039 
1.067275197211109 
-4.708314620778197 
-0.7148892141502249 
2.353294463464115 
-5.433226736837646 
-1.941347445910178 
7.707626249224159 
4.92342738779324 
-3.272545529548988 
0.5162037901216709 
-2.059289156350693 
-3.132792449655771 
-4.174676042950268 
2.830141118230243 
1.516780837106412 
-1.022124236372321 
1.71497655917831 
1.189396789693099 
-1.109185284751529 
6.189544085468927 
4.318291320237011 
-2.322608339309272 
-3.591785319506405 
-1.722986644599587 
2.196195105583055 
1.056559992046281 
-1.526404365663934 
-8.893795892242231 
1.621183254569718 
1.166307483957807 
-0.1688304125750515 
3.49292891182479 
2.796104561942036 
-0.5286844812515514 
2.645989146101041 
-4.891214800377807 
0.141833336672886 
6.337439386435975 
0.2715102517134922 
0.8935810341577004 
-2.100290584849773 
3.419595597402706 
2.926385940928728 
-4.220584983508931 
-0.9630833126854975 
-1.074704341803747 
-2.457279071454412 
3.046851312070206 
0.2566721923943533 
-1.025684368993834 
2.607913139222469 
-3.999207003978733 
-0.2158585919761511 
6.234714007622831 
-5.323175641339998 
-1.623266389047843 
2.095607215927128 
-2.315032334129691 
2.373446039363953 
2.984997027540115 
-8.098948048037366 
-2.084503289014759 
8.399127221773128 
4.10214457113653 
-1.562100573834887 
-2.129372484776376 
3.837719691801061 
0.3268309369869533 
-5.260560351630583 
0.4119839933774603 
3.205305819890057 
2.673694409326576 
3.644595839975364 
-1.89459640068687 
-5.358768911839677 
0.6770313110185484 
3.518435529437337 
-1.197481744715446 
-0.4543423902044378 
1.043795674600475 
-1.216291099002874 
-2.222007888132744 
-3.605157013828356 
0.01035702020656623 
2.938697575219579 
5.033252138001879 
4.293430523117634 
-0.724818330697658 
-0.2196700124273848 
-7.052395883550242 
1.981323560591467 
10.02878684693074 
1.141276452895634 
0.463879539620324 
2.397495814786192 
-1.883434223402028 
-3.085646553301 
-1.380464780011698 
-0.6089323570583235 
1.323358955331901 
1.733562279212612 
-1.028709240091926 
0.5281385167038909 
-2.368952083907664 
-6.048563095644278 
-3.021873422939978 
-1.596239256572556 
10.61620212070346 
6.418147242287466 
-2.731139261375336 
-0.2573513809380067 
-2.436262835514201 
-2.275579061181794 
0.6322168573765734 
1.061476645541241 
-1.321534611638515 
1.825537747121374 
-1.297747781775313 
4.102971797689174 
4.856917711416222 
1.236332426803258 
0.9210685888956527 
-5.471500852963161 
4.391409057996857 
2.444278014748227 
-0.7430768301699217 
4.319059096180089 
-0.168910410949364 
-0.3396120650081166 
-4.146140133872525 
-0.5728743450813705 
-5.637066077130026 
-2.160709933033384 
10.39235793642242 
7.834131826252012 
-0.5000403643337457 
-2.654961207867313 
