solver_type L2R_L2LOSS_SVR
nr_class 2
nr_feature 1984
bias -1
w
0.01721440393449394 
-8.327091470485152 
0.7948792977088036 
1.227713812658413 
0.5245237834467541 
1.00100293194875 
0.8569523750994774 
0.7944667146847202 
0.5453817865826324 
0.6628864441404937 
0.3049658415951472 
0.3780979129428782 
0.4276782536069528 
0.4452060359270972 
0.6952197927358992 
0.6897002416877269 
0.5626694544103724 
0.4430733115088967 
0.321958855611501 
0.2663665065917087 
0.4263447051769141 
0.4995935377646528 
0.03045645561751748 
0.1402954157461537 
0.1567863520949223 
0.277072566212734 
-0.3118502826889311 
0.1339167629458765 
-0.09363851304393971 
0.2898029223952364 
0.4217830109313196 
0.305504985852965 
0.5465808025408055 
0.5507667444545556 
0.8480933790760234 
0.195171676772236 
0.6414931782051492 
0.5164942021834914 
0.4149867696325021 
0.5230330217592326 
0.1920771704432239 
0.7409150977295488 
0.3073919635748437 
0.5081733585717917 
0.361157376936167 
0.7172894289555184 
-0.007243029442911325 
0.8133689694566284 
0.1418523028893646 
0.1699905393298015 
-0.01324260116390951 
0.08360293071003476 
0.1204303235072265 
0.1686379352753827 
0.3685309828922272 
0.4659862050523848 
0.1863969418846371 
0.5155521746681287 
0.3078870267443357 
0.4971519431665796 
-0.06485689362415539 
0.5456200885860499 
0.03278441447766648 
0.270375077176007 
0.483466156557128 
-0.2636830314682089 
0.2968796384331702 
0.07479056088078036 
0.4525964326408109 
0.7391388740900707 
0.5264371054049072 
0.6376408939212708 
0.09363783153733336 
0.5170446134387047 
-0.06248550073128428 
0.9104957279531269 
0.01844925534622163 
0.4554944648281065 
0.4608776840851757 
0.3545424146278265 
0.354106833637413 
0.5179940921079178 
-0.1703393704513135 
0.5563218180556636 
-0.08625158952551192 
0.4039360211486326 
0.2282021098162621 
0.1521271687841342 
0.2144258311589825 
-0.09710049950446131 
0.2739395874627421 
-0.119507675855476 
0.2517326032117875 
-0.2177037412066478 
0.1518972045809794 
-0.07396495808778523 
0.3522569665149519 
-0.3256606461716744 
0.0184089167619356 
-0.05997656433197776 
0.1590201260927369 
0.3095019476044339 
0.1462714696075786 
0.03417163745747422 
-0.1427716862906648 
-0.3155895261739975 
-0.3022818593883193 
0.3791244200554146 
-0.1169930277690196 
0.2412401207564999 
0.06477363889683832 
0.1347721456534893 
0.4113520140255432 
0.001781344689936141 
0.004459277713084824 
0.722710034656325 
0.4053273010706526 
0.4149508144683296 
0.3099853657183944 
0.07352515310709298 
0.4892939403975127 
0.5048458364268406 
0.48252840567337 
0.2084193493917723 
0.5376753445066157 
0.3190254480311973 
0.3672141126503856 
0.3126504334119045 
0.1779735353528517 
-0.03091663211542121 
0.1152332610878817 
0.09326059041465583 
-0.1153475702940865 
-0.05535119509567846 
-0.09020148719617416 
-0.1745612444321771 
-0.2947469058837233 
0.1431153085365472 
-0.1145606079225324 
0.1466321263122435 
-0.2853148008216176 
0.5527072762000438 
0.09284970824907707 
0.2725018989246995 
0.429014105680654 
0.05966212777632503 
0.1695165548853092 
0.4827166216592725 
0.2990088108176363 
0.617237858775206 
0.1951756776579111 
0.8440589964722079 
0.3933773783067946 
0.3414575933777993 
0.4536021741855403 
0.4403341758973232 
0.1429796071164558 
-0.05820548410720517 
0.2993243262386405 
-0.06867351229423764 
0.4545634965549215 
0.2033850041043271 
0.1501733792384568 
-0.1860394437048498 
0.4636297185385295 
0.3881981214111975 
0.6415841473590302 
-0.2202229649130532 
0.5355532362555593 
0.3026966161272805 
0.04022966083529647 
0.3931090162479637 
0.6042107617721535 
0.2926572436514858 
0.6707316568466837 
0.4799601678857144 
0.192140606507943 
0.18392840390026 
-0.09966310534087409 
0.4557095696768085 
0.07922638555148087 
0.2171628919544097 
-0.04791135152312715 
0.3958203392994551 
0.09507958331437232 
0.2028751133849483 
-0.2231133186337206 
0.7719713465920219 
0.1867270116638023 
0.4021026549126138 
-0.01723985479882712 
0.2308770168019944 
-0.2768692990053068 
0.3169389637735581 
-0.02649081660668576 
0.2039265654168326 
0.3683056682763821 
0.3739742790458404 
0.1666580428390054 
-0.1454759704680741 
0.2776229920395617 
0.03960066421308099 
0.2530329404343002 
0.3539384393128562 
-0.246942918199174 
0.3186628843681836 
-0.3562475621643562 
0.02485777676329389 
0.05810116226254669 
-0.1356818642163634 
0.3843131588231316 
0.2370158159176529 
0.3909833506287538 
0.2835675336729482 
0.1355753071461724 
0.5081129755549658 
0.1153350089380393 
0.09828403809257301 
-0.06975003100978436 
0.5473886033713695 
0.05266324040932942 
-0.1688902567779707 
0.1849687011274077 
0.04995972091153017 
0.06332148303453687 
0.0467840430358796 
0.1958203893626649 
-0.1012511743102317 
0.09400729138897733 
0.1277540542091389 
0.6276754015749908 
0.05424445349495644 
0.173673346155387 
0.1332286331031285 
0.3336352347320154 
0.2672140980386485 
0.3301395385046991 
0.239861098512866 
0.2501611240275307 
-0.1797036452772972 
-0.1208717234646209 
0.1996893056484164 
0.161834224908614 
0.08914151334016043 
0.6283539747889602 
-0.02394190072675328 
-0.09290727237327603 
0.1346708896629858 
0.4123869219667743 
0.03978238177150677 
-0.3127776516151622 
0.6161575401539775 
0.5258256189482906 
0.1626030391368817 
0.7651235863749323 
0.1961924240512879 
0.668007430532808 
-0.03567231677619175 
0.6255020422874046 
-0.2224902507685593 
0.3555778323249395 
0.3936050221001059 
0.1616109941706381 
0.3337055251615566 
-0.148769224957467 
0.0251107713648407 
-0.08720338557725681 
0.4784499951899566 
-0.1715607131964975 
0.525662615405711 
0.004133955300119797 
0.2493207559360603 
0.04303919282356941 
0.2334420293072856 
0.4248487101535427 
0.4135398608883406 
0.4075141731533086 
-0.2232294965434211 
0.3140239211400677 
-0.0239198456630513 
0.1994711789856733 
0.0397988959897523 
0.6077738049092336 
-0.04551650741361837 
0.2217644511291477 
0.7119005485044662 
0.3660871906248085 
0.3460756141142417 
0.3821159438371046 
0.2230510010191652 
0.04514031248670202 
0.2086840475656592 
0.141212429417587 
-0.04350014373232822 
0.4613183572543558 
-0.1657095865475496 
0.5855798637216661 
0.05912008311535593 
-0.291991272201402 
-0.2398464892720223 
0.09988643074973014 
-0.2529226499767407 
0.3585065219619132 
-0.3271587072626479 
0.1459185209623104 
-0.247912426746288 
0.08004838730571784 
-0.2196980578963774 
-0.1063182238070539 
0.1736847800869664 
-0.1002118885658811 
-0.5294895298588822 
0.1216408224494846 
0.3184231028094006 
0.1525925389311949 
-0.02619000980958245 
-0.2583931938809955 
0.3395379503023405 
0.05790467583217258 
-0.2314678401679622 
0.3111659562212548 
0.1258063434697106 
0.2646258292567824 
0.1036693028356813 
-0.0864848858109861 
0.06748404093945043 
0.03034102626498805 
-0.483508279010547 
0.3372964522595998 
0.03973876467111223 
0.357103621387499 
-0.2347674325018219 
0.2084462376188376 
-0.08313518977156982 
0.4068952860427282 
0.1233249559222658 
0.8460669831181044 
0.175101726373207 
0.2044083919432435 
0.334502352514256 
0.5415051358333665 
-0.1536830412922995 
0.4188130198594399 
0.092294384705669 
-0.1316769183664732 
0.2451620548484576 
0.2628841682506026 
-0.2046214830134308 
0.4178662638156344 
0.4572331804139731 
0.3252399269648521 
0.003558045723291968 
0.33044204053573 
-0.4971121864483469 
0.08583909930899311 
-0.4162350406631765 
-0.1765429635999524 
0.198360119555574 
-0.3800929317507312 
0.2005112506844151 
-0.1349094417490552 
0.2531239941862763 
0.3152624867939069 
0.2213317128731255 
0.1312592817313433 
0.506972145798974 
0.02202197030331034 
0.3564744897143499 
0.2820879565379077 
0.291364167943695 
0.5590553759489957 
0.1162821052580149 
0.59043014534106 
0.1642587666335956 
0.5551578169573258 
0.2085230107216308 
-0.006907990154779915 
0.699986808637546 
0.257010924836944 
0.1150676398261262 
-0.2441292453154866 
0.5317668613410853 
-0.1263712871378242 
0.5407957701303157 
-0.1093190674231356 
0.6061048202989757 
-0.1043301719698587 
0.5303741273317581 
-0.1488383119109901 
0.5501203275662832 
0.2967755131013775 
0.110300887304221 
0.3466430204204649 
0.1716188428729061 
0.2191376245475722 
-0.1180699237258808 
-0.06160633882272307 
-0.1322455183661299 
0.4059337112820916 
0.1678571338753824 
-0.02716921295066676 
0.06417982278766814 
0.1500453948223966 
-0.5130571893270426 
0.2027810686223334 
0.04883144260118367 
-0.1345921785865582 
0.2532607412614179 
-0.5348991441314878 
0.1529166294436462 
0.0970558099275982 
0.2769862023915481 
0.06130301579597557 
0.364722915572424 
-0.149900467853158 
0.1685863894986713 
0.1694204213417995 
0.6899344844689038 
0.02399720306130997 
0.5313414133267006 
0.03506893611850655 
-0.06349130697815505 
-0.03619700153898123 
0.3739277612284944 
0.2903106137941089 
0.645045630084794 
0.6193740391203942 
0.09473830169625728 
0.4958007923252875 
0.1663027716440064 
0.6377140397898838 
-0.06695705640602229 
0.04728301384395451 
0.3837677797111178 
0.5178756823475231 
0.3766823008932594 
0.1942505757010132 
-0.1029657158037967 
0.2514828502328662 
-0.2291477198547356 
0.1410821803687822 
-0.01740450779540732 
0.3033310973364028 
-0.07897937019741576 
0.3048838757124134 
-0.1846776670866573 
0.3151166554681868 
-0.01394329185683165 
0.4389495442617828 
-0.2782123547466984 
0.210743711623754 
-0.1882221029023285 
0.2184156802672764 
-0.1182971682899789 
0.3037732616997623 
0.1326918213531129 
-0.1493661112967414 
0.4259023829239224 
0.3174072291533122 
0.0186853626215292 
0.06789472431846927 
0.3675643170109384 
0.2580778826008256 
0.7497671948558691 
-0.03962211455200666 
0.5721771915808143 
0.2263058832453519 
0.3137438845775674 
0.1939652592485172 
0.2041689697854217 
-0.3812714239623549 
-0.03615807112274513 
-0.2326852828586489 
-0.09908270846499098 
-0.2443703893056587 
0.2809549214965738 
-0.3211981682476155 
0.3304291123521901 
0.02469886812824769 
-0.1033510203100593 
0.1004508032274635 
0.050155678542579 
0.4942758167423437 
0.09863443481050124 
0.1898293363531655 
0.1559624896257721 
0.06462913897643886 
0.0197455782756718 
0.4048399795872246 
0.09911433758048555 
0.3511066689507807 
0.2087292168905616 
0.3242384452394925 
-0.1303200235341601 
0.6766405276954663 
-0.182964933687615 
0.6202629714325327 
-0.06163062330874001 
0.3546374173707117 
-0.4697297284334455 
0.04346126077733046 
0.4202290660913916 
0.1056877897898278 
0.8470402416863457 
0.08553361437936105 
0.6544553559541207 
0.08462092626937494 
0.5732095345537878 
0.03841270947193599 
0.362353856329175 
0.3080158749848614 
0.6340813061750089 
0.05706908704864742 
0.5129906885465851 
0.1123930136452307 
-0.00933791298051166 
-0.1969494407070204 
0.08559889740600746 
-0.03402455623746568 
0.1728008984230039 
0.1220941342741386 
0.06462496453626698 
0.2057311423693475 
0.1100592262411367 
0.1353874901971522 
0.3793950119764438 
0.05313971770919924 
0.4956106286542336 
0.08139456388305696 
0.4170184744746416 
0.05643496714086132 
0.4781341764599617 
0.3388336052819948 
0.2184297792335148 
0.07048952106324212 
0.05147036991353162 
-0.07833152358418659 
-0.0383469804657994 
-0.3903674122221115 
0.08519777071657665 
-0.1397685885950758 
-0.03016842536670019 
-0.149069672738009 
0.3732306573178236 
-0.04386067912658043 
0.502070106848419 
0.01419641203491807 
-0.2577829542145481 
0.4576061592439272 
0.08203849376478457 
-0.2113252548757264 
0.2604513694103259 
-0.1013878565440801 
0.211093736565179 
0.6342606496719612 
-0.04692598898668129 
0.404822706808046 
-0.3568033573270361 
0.6622837534823414 
0.03740369740440043 
0.05668741144148919 
0.2365325297561319 
-0.2960360780690079 
0.226815839136752 
0.282700031367988 
0.5630881767205206 
0.06151217987106069 
0.5147788903491035 
0.2478034814743079 
0.09038208982848916 
0.2569044321850367 
0.6866726346019651 
0.3341949676435547 
0.2100404365576727 
0.02185233393130469 
0.4096320176082078 
0.3066700980746733 
-0.08125611080425148 
0.08546444970630149 
-0.07887191819271619 
0.6620298864678688 
0.3028397201842009 
-0.09945181115469537 
0.3437343150580195 
0.6056933083643796 
0.2900100711802798 
-0.04644757334936876 
0.1066307005087717 
0.003474077328622068 
0.1564041152334672 
0.1092510401677713 
-0.132496502444926 
0.3233784019788986 
0.1402785857394605 
0.3512102699708922 
-0.1650862998911455 
0.2959664263821988 
0.492491454005491 
0.3398157733569291 
0.1819775934009902 
0.3215040262066021 
-0.1952628675700119 
0.5575441191918352 
-0.3590393336166015 
0.273024271270483 
-0.04872261655752251 
0.3543988433553832 
-0.04587363633031706 
0.471648001364061 
0.1835434092711885 
0.2860901325466014 
0.5694684977706664 
0.2513177404589567 
0.1371316953687412 
0.6226070696867543 
0.1888855929442166 
0.7275670384767517 
0.3114218080663606 
0.6364910019440931 
0.04723609058505159 
0.0881240613216876 
0.09152738016886725 
0.2451096368156859 
0.5391818728934413 
0.03600972601417303 
0.900809453272824 
0.5618290466336635 
0.814431186904893 
-0.309220318222523 
0.5923925970650269 
-0.5433913996440904 
0.5325090536815089 
-0.2115413399073385 
0.326472518110309 
-0.2635224989685181 
0.5079276511800865 
0.1336183965806548 
0.2703604242497121 
-0.06960461547320991 
0.3857254017986489 
-0.363387802838376 
0.04680946833816583 
-0.2555902839223909 
0.2672133269995761 
0.2634456234049519 
-0.2888383275624798 
0.2756279545753933 
0.2422057012562903 
0.03129786474750718 
0.07683927479305409 
-0.1943601471686701 
0.7060229847118321 
0.3489108150890434 
0.487561762912702 
0.3677860856351586 
-0.02528938756336657 
0.3587218335079634 
0.04213214098407775 
0.3367168090321263 
0.0185261487477562 
0.2653098214391022 
-0.2301597476478 
0.3050207340302362 
-0.2477912418631888 
0.3678182331964211 
0.5133607095174142 
0.3020256703459893 
0.07305085471896548 
0.3724803659610856 
0.1985469058387563 
0.194891391027727 
0.1516068672413693 
0.09541002657641931 
-0.4154634341969268 
0.2322377679765959 
0.06930595226694145 
-0.4200100566990511 
0.197048740850818 
0.3760258113858497 
0.06668118969989416 
0.1444815018427173 
-0.05285214766826337 
0.2896410387419236 
-0.009909772420474309 
0.311670133054339 
0.05280329832745485 
0.4551346129899775 
-0.03641082177015793 
0.4870721017191776 
-0.1728995556564709 
0.05599368011440622 
-0.3123328800450563 
0.386060013549927 
0.1024914322770529 
0.3398879477640748 
-0.2305691060969842 
-0.08871765035695957 
0.1089843648403916 
-0.1363089971442031 
0.2827044048945023 
0.3958458595378402 
-0.2037324622323233 
-0.1879760427786505 
0.2916174652103832 
-0.1869312618884083 
0.1189553182427899 
0.1847759681686547 
0.4099941788093976 
0.4258897411440866 
0.3233986836251883 
0.3084878657587328 
0.08982767796270412 
-0.1670835319986499 
-0.02798614184850068 
0.3890680956935548 
-0.7709013000531602 
0.2674334628662964 
-0.0165443831984954 
0.2342183160607237 
-0.2772832560401801 
0.5600941291993609 
0.4419569603992394 
0.3493602074820435 
0.6667384613192199 
0.2230683821710595 
0.6972901801726058 
0.04216702618306707 
0.01750383699495869 
0.01589998786137907 
0.3026682845654471 
0.07824669340179476 
0.3989230896351085 
0.524036536555471 
0.2485947207614036 
0.346795723809709 
0.07164367871569061 
0.2559625146803295 
-0.1070901013903712 
0.4105664895759772 
-0.1489074404393788 
0.2432732824198053 
-0.2802544524613058 
0.02778057078667328 
0.2269886144798895 
0.1300863084115297 
-0.2470509197126139 
0.05815076381262125 
-0.1362489772285726 
0.4775780232698263 
-0.3213835391065508 
0.2718834733568893 
-0.09729213328451672 
-0.1744108671447767 
-0.08682146232387591 
0.3177698578194902 
-0.2610610551933505 
-0.1364102007515219 
-0.4292327561604896 
-0.228586533140196 
-0.0107916679585113 
-0.3631948471484715 
0.1404839193972181 
-0.3983627338881922 
-0.2183262068677538 
0.02392689007075128 
-0.1993760996859287 
-0.2160032697598644 
0.1931663555381057 
-0.1271977608036339 
0.1563880971856972 
0.3320165553529918 
0.04750200044603432 
0.775510964106242 
0.3471054959924793 
0.1876609127313817 
-0.1292683408577296 
0.6303110048009026 
0.0891022168842394 
0.597448101530939 
0.1543476164598058 
0.7543641359862984 
-0.2147283377855389 
0.34340609255071 
0.4733977086938668 
-0.1349268106566539 
0.4567098554101533 
-0.2992806017739302 
0.02473842712556526 
0.2220699175146314 
0.5080640417313191 
0.1883651022485725 
0.3741591072638834 
0.1884404678543784 
0.1967544704587032 
-0.005880787768599786 
0.06227677831980434 
0.3458034546758862 
0.1492239732055356 
0.2578006152349804 
-0.1214021353843522 
0.317252021626191 
-0.3303138007677474 
0.3450209804857163 
-0.1378831013103437 
0.05209645747249445 
-0.1693137077457514 
0.08669809316113798 
-0.358063708195019 
0.188093848973547 
-0.1312943576800327 
-0.1190521593245688 
0.3036387807460053 
0.1720175397583618 
-0.05283726968312806 
0.2072426758600572 
0.4274512347046791 
0.3239165112879603 
-0.3616738676561419 
0.1399471335374141 
0.3725156418807947 
0.5207296183757175 
0.1510162794435249 
0.5882583841649756 
0.2712211438583061 
0.4172664546280441 
0.07226492722608484 
-0.1012576262782343 
0.09087364447486646 
0.1476238416842827 
-0.1941927842143541 
0.6762579583130045 
-0.1664615555086611 
-0.02320126007749349 
-0.4285031404107574 
-0.3720724702812115 
-0.04171460653309778 
-0.2066895683145736 
0.3666115930449412 
0.3547451802870444 
-0.1580173835437651 
0.2080416697931449 
-0.03622651085045669 
-0.05730172222291244 
0.1400712783754657 
-0.02614625747764245 
0.4382101922242537 
0.2668707940230542 
0.2748955009345402 
0.4534351383277473 
0.1474342526711092 
0.2153172462104126 
0.2854035475289349 
0.5068103626997175 
0.1147149660862347 
-0.1550730901569188 
-0.01491891836262862 
0.3353486336738203 
0.1641955543876128 
-0.1667067389390912 
0.3819150083067918 
-0.1386348179422859 
1.258193825398312 
0.1469680016409149 
0.6225131162928 
-0.05227967175635323 
0.06252432874416702 
0.4102857767119597 
0.0720381167863393 
-0.2120910001025578 
0.1537939580366194 
0.5041948441663324 
0.3208467635880824 
0.133906989029692 
0.03174927583377573 
-0.1292290743943615 
0.2471679185351855 
0.008384185543163272 
0.05088875693751887 
0.2858845850411839 
-0.151070405036401 
0.03864694185272441 
0.1206959078051762 
-0.5843454136044566 
0.2394043825406416 
-0.02497639412232344 
-0.04842153211377349 
-0.3629025236832834 
0.3541332538481131 
-0.2087946203825708 
0.6405144698916503 
0.2361777270034127 
0.6296582778271098 
-0.1443894558608542 
0.2427305310571967 
-0.1117515241820182 
0.29418148601244 
-0.08907620861323338 
0.3366181105444013 
0.04610598328777422 
0.2902848243201575 
0.1641143890790918 
-0.2707537346627179 
0.155421828879373 
0.4257471632755894 
-0.221371502626092 
0.5908377485277245 
-0.3549373009032876 
-0.2317904866478666 
-0.2724556556629279 
0.09369963548512307 
0.05279354108914532 
0.1090232210567487 
0.1844380875255188 
0.337991387800636 
-0.01282673097594711 
-0.1167186335141001 
0.1102759567835541 
0.2313723190026193 
0.2941000458661774 
0.4526489527773848 
-0.1230339486335463 
0.1064907978910467 
0.2468539733190908 
0.361389696097947 
-0.3438342573236628 
0.05129609483274394 
0.134181526898118 
0.2896712582312317 
-0.1383844067723287 
0.02508770023826883 
0.3014418144079026 
0.3279189784070798 
0.8617756542874545 
-0.5387941728055707 
0.9872135248841448 
-0.1166856321270969 
0.5573475999726909 
-0.2280879593772492 
0.6904946118367731 
0.4237781820438433 
0.06516001146753514 
0.4156062235396433 
0.1868616369259506 
0.3983901196527493 
0.5359616301924909 
0.5500991438844063 
0.2536067981697362 
0.4824632992189713 
0.723533300076149 
0.8227171957685819 
-0.07353567091435993 
0.62174722080978 
-0.08182135180695575 
-0.0865248680787269 
0.3843426416004569 
-0.09184617391187394 
-0.1194539254765558 
0.01437257188207166 
0.2674884302749843 
-0.1369264939614728 
0.3002026606316268 
0.08745016551687347 
0.06385090620340685 
0.2975064987268832 
-0.05643593255212614 
-0.04095136795081145 
-0.205395010446805 
0.06396883599591635 
0.1253203162709632 
0.1626718782413523 
-0.06066087347265464 
0.4229494228014523 
-0.09340326544795793 
0.3200854432605704 
-0.06827709900754568 
0.09365019211291266 
-0.05450229245232382 
0.2181641198986541 
-0.0909134099084786 
0.07666415073194312 
-0.16648903947754 
0.2429438582999706 
0.08768241522468041 
0.5357131462456324 
-0.08388051448879537 
0.1797725384739676 
-0.4364684875515192 
0.3428032545402799 
0.2444021642387435 
0.1343185070695275 
0.08265597156670874 
-0.07293591803287891 
-0.113060045083248 
0.3393570541876474 
-0.00365339188856635 
0.08894798313127594 
0.56528161284766 
-0.3020965995978206 
0.2634619409174971 
0.2835233402056294 
-0.07174039287812033 
0.4742438841481422 
0.3824486518830881 
-0.3114544581604088 
0.2507707848002473 
0.03105927300008652 
0.2549290399347063 
-0.0483552660811324 
0.05250019287462827 
-0.233579674043825 
0.3999680707344915 
0.2124119424691617 
-0.07666665335989273 
-0.067536404701614 
0.2874283621759673 
0.02011999125516097 
-0.2883651807463931 
0.3487609232105499 
0.06991563604308466 
0.6198228216397556 
0.1730974648401434 
0.4801483881483008 
0.3693186462270334 
-0.08986966844956819 
-0.2049905793562216 
0.5714860184249423 
-0.1955784197583919 
0.1325646989302691 
0.09163378181645146 
0.04754806786614586 
0.2287635402076001 
-0.1401668843011765 
0.3648794783228017 
-0.2965109296757387 
0.2548965371793594 
0.1916621506426483 
0.379708892687062 
-0.02913971927177473 
0.2729678429383375 
-0.0264492030809027 
0.8369623187470406 
-0.007293920033171167 
0.3679229131382291 
0.1944921659768283 
0.351460800592646 
-0.1430418767487173 
0.1573176882053993 
-0.1431762495930327 
0.1900303171315507 
0.09321510704905038 
0.1086180606205513 
0.07225687148665787 
0.1730601396031995 
-0.2720457073319481 
0.223267238593638 
-0.2996532998706731 
0.260234234842327 
0.195667214599601 
0.4848778335335595 
0.7137044877579649 
-0.1058866760959537 
0.6911367340962273 
0.09821106619450537 
-0.05155544567544301 
-0.2193733468136879 
0.1385848295749803 
-0.361598830516719 
0.1343041632248081 
-0.009838717130252833 
0.3099910955496895 
-0.3552010576852542 
0.3337174810291906 
-0.304895238090864 
0.1728926146733286 
-0.002678285843322306 
0.3028058182470867 
-0.2092669122724529 
0.4253854817109224 
0.5120772116456748 
0.4442799794096547 
-0.03856824630240059 
0.5294524598924676 
0.1982872440342506 
-0.2208670971078559 
0.2418102931430495 
0.417088474766327 
0.1864004434098873 
0.347587096613702 
0.1177410942838697 
0.2241305395876773 
-0.06387989062364526 
-0.4577174125220481 
-0.03083680505362206 
-0.3098114276231565 
-0.3015296659919295 
0.09741877323402212 
-0.5729654011049802 
0.01132105751347823 
-0.4765296279314367 
0.09609930731768063 
0.1575304347601399 
-0.06952403266472658 
0.2453291175073801 
-0.2736808956968745 
-0.4529180726242213 
-0.09319663178441527 
0.09977747961372507 
-0.03047592009384236 
0.6193607606525877 
-0.09249095045765598 
0.4847939785382535 
0.3003216538869959 
0.3166554354049624 
0.6392916553810916 
0.4365023831505442 
0.04219737174741382 
0.3438427837379847 
0.1212931553286453 
0.1777209420321774 
-0.003045355664875628 
0.2883698179709129 
-0.2021000295533809 
0.2056343091939092 
0.1250272898698985 
0.2212110802345921 
-0.2982115901671398 
0.221957650474275 
0.2186219202309981 
0.4233596739006391 
-0.04350726934567268 
-0.1937372027570993 
0.5178348709567232 
-0.09212240391420705 
-0.1705544649929178 
0.1320407067665053 
0.06812750017234402 
0.2411701611581586 
-0.009332109647859339 
0.134377740508676 
-0.02714428115910639 
0.3131202996936587 
-0.1461506021624328 
0.1648897520211827 
0.2370001740689192 
-0.2063767104520057 
0.02693461197740846 
-0.1824836995752953 
0.3997625846477161 
0.04359838100910368 
0.5925157745980145 
-0.1159842544295772 
-0.02903644692199889 
0.1794645221174233 
0.05603507900992238 
0.2546741553361049 
-0.1531504408298003 
0.3491007280002122 
-0.2712590649479253 
0.3832152808660063 
0.01176803529738586 
0.4122626806554188 
0.2020985465435705 
0.2695332149742164 
0.3308173029184333 
0.1081643068216974 
-0.2413826885995441 
0.4480608301901048 
0.2921338822784778 
0.003147206984059567 
0.7625721284228315 
0.05257689361424658 
0.6157543111104499 
0.01282442835561975 
0.1154346869017046 
-0.04132574542665851 
0.3380086697743698 
0.1364713078895245 
0.5840921657898993 
0.2641525436903215 
0.6426143899124721 
0.5268283364180751 
0.4777648541201638 
0.2030865219841276 
0.07218289360211946 
0.2684592445637258 
0.3865151132022171 
0.327124556372197 
0.03726926415715286 
0.2762769137655028 
0.1858860293051789 
0.3378820482198825 
-0.08389817313665746 
0.5167447566773811 
-0.03491829957230171 
0.2509724543948411 
0.2242436504577914 
-0.1565801987360166 
-0.08114667849686028 
-0.467423347694239 
0.3004069365095313 
0.1378565467323181 
0.7344397849071552 
-0.2040098719592577 
0.02773233493796688 
-0.3438116250506071 
-0.2054827999825555 
-0.4826096110161964 
0.1196806276805901 
-0.09962015538578316 
-0.5262646526461433 
-0.5677253565259158 
-0.4075921312238722 
-0.7926943613742835 
-0.3300979268993303 
-0.2394870596094416 
0.02874458226559951 
-0.06178830990715881 
-0.04320482991849767 
0.05029025961102994 
0.4352146971748709 
-0.1397887047423162 
0.05610018859334338 
0.2197596050205431 
0.1525512597561273 
-0.009925484534134598 
0.06503218756883031 
0.771672982578694 
0.4447247172749401 
0.3409808722187987 
0.2433199832179192 
0.7414224198190816 
0.1410235923422843 
0.436408284095107 
-0.123026824487323 
0.423525309492316 
0.3851381247335542 
0.4917849123573619 
0.2104004118091784 
-0.3038505810999015 
0.1617158379559335 
-0.1569032759031478 
-0.1091512965001179 
0.04878508556459702 
-0.3451258811308262 
-0.3548993679030494 
-0.7574454546100177 
0.09728920518874783 
-0.5970058747906256 
-0.16896419528178 
-0.3159318659594408 
-0.1152630502670034 
0.05031906904898272 
-0.1909007578984453 
0.3295071722346372 
-0.01215641123318737 
0.3028860049073759 
0.1939078083146061 
0.0217886309328054 
0.4470169365039904 
0.497114242896396 
0.5361460959596076 
0.5946380456615948 
0.3663084600784996 
0.2702576292996112 
0.4484873815826458 
0.2597491344709058 
-0.1275278133559623 
-0.008006895725490336 
0.5491627853194389 
0.03573733591710262 
0.3750011938121759 
0.2411234509511376 
0.170864682795847 
-0.3120468351084644 
0.266104430569684 
0.2129990140545113 
0.4414052056489396 
-0.06535512705213856 
0.350918050789472 
-0.4169524003484285 
0.294133098774405 
0.09155329888296369 
0.5976497934820405 
0.5884818904910196 
-0.07447562979644698 
-0.1384733921130448 
0.5025919981465192 
0.0961827580257185 
0.06539817604868453 
-0.09524986924412779 
0.1500166444229571 
0.0931180197496695 
-0.0322623578388935 
0.4375788805747645 
0.4323829820248208 
0.3075588222938743 
0.4404132644632528 
0.406659343394472 
0.3206036518883519 
0.3136586468000456 
-0.07142121840627175 
0.1355412233595298 
0.318424849553842 
-0.0532536338689563 
0.0435030974328942 
-0.01010495797437572 
0.265372043314915 
-0.2601451382675389 
0.3637561733974931 
0.2605891646092885 
0.2358013550621384 
0.3803694459312815 
0.2918383057371871 
-0.07879403523690962 
0.5502434679394881 
-0.1840263132569127 
0.2573236469733784 
-0.09788261347152284 
-0.1440794613673537 
-0.4203891864029624 
0.005983481444052758 
-0.0797091095296741 
0.3611420225773661 
-0.217308091930809 
-0.2336936765239742 
-0.407783476949347 
-0.7344327544056757 
-0.2959293257717508 
-0.1577486494201471 
-0.3668271726714793 
0.1165928291533733 
0.2734041792235689 
-0.5001666842820554 
0.3102220897540957 
-0.2062745122956344 
-0.06113989746149215 
-0.4071254230295879 
-0.2460775380000252 
-0.4036173348718872 
0.02671311646365596 
-0.5193071882851714 
-0.005424798688356655 
-0.5108773824992454 
0.166490780284431 
-0.2405461790859201 
0.4259144198442157 
0.1404344257706028 
-0.0276786844024422 
0.07664708006808801 
-0.03362958308653212 
0.169291831844297 
-0.21547872773645 
0.6227475916459111 
0.339449709645146 
0.4419698721228321 
0.8815156858121603 
0.7209668924426733 
0.490758686374861 
0.6112192489080744 
0.3557375925348831 
0.7322739348112522 
0.03045375304465987 
0.4159389651585672 
0.1409647839438951 
0.2074077469336844 
0.3871017573797204 
-0.212873466544955 
0.521538997925728 
0.4418661779556864 
0.4632540341759282 
-0.300435404680676 
0.04277351846769172 
-0.4222215177508474 
0.4862223966700601 
-0.4366439433231436 
0.2408270851928265 
0.191525739784622 
0.09341894002498961 
0.5399926357139088 
-0.1516051677011745 
0.8374394350960345 
0.2537677655255688 
0.509705545528598 
0.1007584248601363 
0.1360645619777835 
-0.04778528801438851 
0.150842109985213 
-0.2179927710821424 
-0.07847273167678154 
0.230537477741982 
0.1314455237803361 
0.5911121014155573 
-0.1701294794957108 
0.3154909753357769 
-0.007045065140498947 
0.5165238398521436 
0.2247734514867476 
0.2751873911992465 
0.09338122494646929 
0.1577765822396031 
0.07401385574396822 
0.2470291877602809 
0.05672494867132206 
0.2313648543238824 
0.8154238330190658 
0.03900881576539995 
0.1766713013674601 
-0.2166165752710845 
0.478262650989848 
0.03269695536581602 
0.3531001681794714 
-0.1845474452335315 
0.08448635413346545 
0.1657299459560385 
-0.2291763914043385 
0.09388381988604437 
-0.06163466743530908 
0.2807111370455223 
-0.08970143631552598 
-0.008086732587662262 
-0.01919529962391093 
0.3471512316015294 
0.1916750339420669 
0.1415338586316882 
0.3424532931474811 
-0.1001191849296954 
-0.1506300163219293 
0.1336533325911839 
-0.4114274478004147 
-0.04297169759832262 
-0.4036927439019938 
0.2441571121864414 
-0.7224852245272305 
0.2613106835473428 
-0.06658983449956556 
0.1073523456309521 
-0.2487804436340073 
-0.05851768290286719 
-0.1495126044874327 
-0.1664529882368029 
-0.09779640523123588 
-0.01855222881685631 
0.07713671330083201 
0.6536476260730455 
-0.2222970565129722 
0.5601210649211944 
0.3580424664378432 
0.1187416518880217 
0.2448234852668571 
0.2278959143863351 
0.2108193109971242 
0.1612587459737158 
0.2483701247184155 
-0.02246128800882896 
0.4345671777671105 
0.2817154691152449 
0.3036428071936734 
0.4756465195252834 
0.1143954650425522 
-0.06065644576320293 
-0.2596693798229259 
0.2540189350714843 
0.2336279127952058 
0.1399816158631027 
0.01679208068940525 
0.2082078582181563 
-0.1271824038204953 
-0.130227906984485 
-0.4714149111775289 
0.2335790478466927 
0.04259517769080877 
0.3024246012559242 
0.1733842391414067 
-0.2290040965159848 
0.006561573482287092 
0.051313537003597 
0.05049526890004877 
0.34535280063226 
0.5079943314723129 
0.2671404090490279 
0.3739651025804537 
0.4375981697076515 
0.7575503204095198 
0.943499805876341 
0.1514068039470108 
0.7559370238341233 
0.3139441925520059 
0.2917343143946997 
0.3801957645825443 
0.2758401912586819 
0.05979287595926116 
0.2441104775395794 
-0.1944846951073436 
0.07574574584539545 
0.563071723952612 
-0.1745387309152819 
0.7044049791962351 
-0.02311922553317907 
0.258271650250684 
0.1575554730326802 
-0.2917857871663354 
0.231577921393696 
-0.2448764962440088 
-0.0516377382514237 
0.02938132861242224 
-0.2995338915084254 
0.04885819326556299 
-0.0612130380524426 
-0.2121403975325525 
0.2540403406954331 
-0.1406771809201423 
0.4698516183254682 
0.00784423686299405 
0.3872271658873045 
0.5418023448285362 
-0.03805933459493746 
0.4462454604277256 
0.683688124429465 
0.5297576882246786 
-0.0917604372873603 
0.3569371540567731 
0.6439414154258429 
0.195455300630632 
0.3623326953927521 
0.00182733134914219 
0.6317533884031895 
-0.2160633139081996 
0.1187775538735127 
0.1626203804488106 
-0.2055231630343453 
0.1771363091251397 
0.3642038232890629 
0.05684771953998929 
0.08192505318945711 
0.1118049386295336 
0.1074063519483109 
0.265278593044114 
0.07498104259123974 
-0.1483583531917638 
0.6121472223702287 
0.06143561750805273 
-0.04936789386377211 
0.004253768476561928 
0.2666531064691898 
-0.1463616936131405 
-0.3136575939736242 
0.4109244074372944 
-0.3739810518453813 
0.6096189207057432 
-0.173581377346866 
-0.0292209997108724 
-0.2512702997639531 
0.1266235236778384 
-0.1422233881885366 
0.05721480972197227 
0.1410091202255542 
-0.5380434342844885 
0.4359770730329219 
-0.4936937637935903 
0.1708724625544489 
0.2191472922364147 
-0.1067952800577131 
0.130785370261004 
0.2032433701550929 
0.5810924012309799 
0.4302791438523574 
0.302478370968659 
-0.08468392129324137 
-0.06055770031434599 
-0.1209234904711409 
0.109195097417391 
0.2413666295389902 
0.4023028833658158 
0.4136204999782799 
0.2515446314232671 
-0.1088847931388946 
0.3590712850473681 
-0.0002263392298051907 
0.2271321462036705 
0.2802768541588259 
0.0274934424334697 
0.2330761552321871 
-0.04251406327997279 
0.07186855234764086 
0.05893271095970539 
0.2252861863562081 
0.2630499011128813 
0.3293256429519764 
-0.06312345015097189 
-0.1163229039631128 
0.4912818215631638 
-0.1519618328980836 
0.01545934858053078 
-0.6046134958156341 
0.006765474128201466 
-0.02592539170963529 
0.2626338380545773 
-0.2131915694598349 
0.3116801312603693 
-0.436011498671259 
0.4482507014762576 
-0.004052032870081334 
0.2347125499185574 
0.7282125916339778 
0.4518224408686658 
0.393849471173976 
0.2254070804242532 
0.9031006449913157 
0.219002758622204 
0.3624567731915772 
-0.1651757960768553 
0.2707326587296198 
0.4859010319993298 
0.3216812990463152 
0.5074625882196467 
0.1700539125845784 
0.5530547020231378 
-0.01038974376487367 
0.2386401636655909 
0.2433684278712505 
0.09951933127243383 
0.02292544829537244 
0.1329050289228722 
0.3205025283154541 
0.3574548976467197 
-0.1422894433264904 
0.2353800128868571 
-0.3440528737701163 
0.2586676846711177 
0.1896256810103146 
-0.02316655086619668 
0.1659989210768825 
0.03480594777351507 
0.08234812891650177 
0.3801683690241318 
-0.3753383670245099 
0.05886130072930133 
-0.143271081661146 
0.01971595172199311 
-0.2359570255669402 
-0.158798353177881 
-0.1385209343761315 
-0.1680764220917202 
0.5058078591255523 
-0.1281199643815281 
0.03822680716126686 
-0.0783940688517645 
0.1237261435632615 
-0.1418357759524613 
0.3730925668844935 
0.1354159985858513 
-0.5904785549707556 
0.1444111761526012 
0.1716429397117398 
-0.3958500036568216 
0.1705303498272058 
-0.1478400945457972 
0.5958043263517829 
0.08652227618331315 
0.3085005575056948 
0.04515832755437317 
0.533157780476554 
-0.1505694870681576 
0.5794659803288892 
0.3541694922622163 
0.5348320164830314 
0.5358682232500124 
-0.01380449637140612 
0.3005836674210791 
0.2984172784029419 
-0.0628343893088301 
0.4392267527277889 
0.5865439997472529 
-0.0006280490123877862 
-0.007868502606863803 
-0.003284222169283142 
-0.2778150415086771 
0.4205768662821504 
0.3065065923411408 
0.1894426883115 
0.4689216364774214 
-0.1558526171499198 
0.1123016733824568 
0.2861907531324713 
0.3387744727263953 
-0.1851895096725321 
0.5253133634899453 
0.1359446452509391 
0.5824720758687764 
0.2374197910046984 
0.3838180148979571 
-0.1101437944149906 
0.3198979315715329 
0.2937023396121537 
0.2879430594389941 
0.1352039661915734 
0.224543026532998 
0.104030656741345 
0.2086216200696733 
0.3973593998824848 
-0.2286311641899738 
-0.1865475689128298 
0.5704070274682986 
0.1095914102540325 
0.4553098653097339 
0.584510140626027 
0.3780624604515223 
0.2677175304930002 
0.4607617939352087 
0.5866602037564339 
1.01170554218709 
0.06953958906702641 
0.560393616288446 
-0.02989639849244936 
0.6673676316018682 
0.05575319084784196 
-0.1910728320345358 
-0.1127753178841586 
0.04008350116962351 
0.3178741573103846 
0.2078491552650329 
0.4131648255204253 
0.04253559359440138 
0.110200078474858 
0.2019937180583637 
0.01828523378310954 
0.3007542814313209 
0.4362789463623773 
0.3615163381446946 
0.03967829433446241 
0.1602738469079219 
0.01524454361671744 
0.3703329537146666 
-0.3996866579316508 
-0.1540111307818369 
0.3206686739542352 
-0.2829340660611657 
0.05018554811921649 
-0.4733221246059746 
0.05444450514323106 
-0.1680962849771759 
0.01649504060157118 
0.4033428431138581 
0.02196955693118454 
0.1292590106776537 
0.2039810063740045 
0.514739645331435 
0.3467865230511341 
0.2186397441422895 
-0.2220465868066429 
-0.1497099351746992 
-0.04179460830027322 
-0.01003947793687746 
0.567735392844112 
0.3384104753892122 
0.6488531062894413 
-0.2333784113750088 
0.5048246401427433 
0.1243951913339677 
0.1142853696176168 
-0.3712219367527649 
0.06219850351786629 
-0.1883773766554179 
-0.1203591489589203 
0.05765264218774258 
-0.1039385007315368 
0.3949152065198626 
0.05009108853348338 
0.6358422868757994 
0.03296495551045712 
0.1709701869864442 
0.004966919065473058 
0.6991110252334957 
-0.2807839458709515 
0.947260785502171 
-0.1965436987215263 
0.05373220187387261 
0.1070775043666871 
-0.08925984196906105 
0.4561872266231151 
0.1118696659131447 
-0.009974598118664366 
-0.0705254421859412 
0.0294288746886208 
0.7756135925018399 
-0.2218594935114069 
0.3554619195447142 
0.1201474842458039 
0.4464230042627328 
0.0683903399261851 
0.4440589196270227 
0.102073441685895 
0.1876481480737307 
0.1793980943904829 
0.291820772065384 
0.3592660540441098 
0.1236236190260805 
0.5287758849321025 
1.021742801823213 
0.647557383185173 
0.5671524002833807 
0.9353025713900548 
0.2524683177129782 
0.7462153091029284 
0.1721171097529576 
0.5045453634024382 
0.1107188383872936 
0.1015183646546903 
0.01915611887982766 
0.08239542126450741 
-0.01002321033038059 
-0.5082515186861006 
0.2076883672022167 
0.0017016130635464 
0.4388124815840082 
0.3816938067075455 
0.2592865903013302 
0.2147437008386567 
0.3945846127650233 
0.07659095744046254 
0.1741216427577618 
0.4912004916463596 
0.04607379599312995 
0.4217864669330234 
0.3340219793660567 
0.5166063897574747 
0.119007381070635 
0.1074633174708533 
0.1803455173302397 
0.08210593054317966 
0.01273281419715066 
-0.2948469898014939 
0.3712090757271354 
0.08680953482401629 
0.3434054900097421 
0.2950050864910603 
0.2711018394976202 
0.4239250585165218 
-0.04723403886443526 
0.6761681795899933 
0.4589444420650562 
0.504679115634492 
0.2772656910640752 
0.2628452289110027 
0.09998205899695026 
0.5542584502915181 
-0.3720069184512475 
0.3829274401829199 
-0.2891617037440661 
0.06661003788853073 
0.1838925383758478 
-0.1488535567594772 
0.04154061341795871 
0.3937380340497291 
0.5634568557020219 
-0.4070610880915096 
0.3659320179188896 
-0.3461313302070574 
0.1878360281296231 
-0.403310334273758 
0.5262819766826987 
-0.01625900741178034 
0.2272264514686947 
0.1789258411065011 
0.3750773965027533 
0.1032385219805016 
0.4335408825670349 
0.4903616508233539 
-0.02969655335717075 
0.02596727784486907 
-0.2018494437314582 
0.4348136199663564 
-0.2764049814605882 
0.2726258790547429 
-0.8964061664305284 
0.5637049506813027 
-0.1795764124080658 
0.5188618875012891 
0.0696228234623016 
0.6948580965164769 
-0.01341221977606 
0.7101057229529799 
-0.1877574592311339 
0.3422883417180013 
0.6465905257012484 
0.2637911117781255 
0.3681869651063466 
0.1028883384104166 
0.3682600727780603 
0.2196018280122921 
-0.1574104651859086 
0.0422350430922356 
0.02894286962790454 
-0.1056734947641958 
0.2555681223746521 
0.1507947743026681 
-0.0007281901912679972 
0.2717721072247964 
-0.1136206892693006 
-0.01107851353650983 
0.4575114355712508 
-0.411959678542729 
0.1959667792495444 
0.1741740465231807 
0.03440014133050455 
0.2617982022355416 
0.4958503363105065 
-0.1876479345182671 
0.2124930726209906 
0.7226553652494457 
0.4766046948557046 
0.3212148435552971 
0.06035628068004203 
0.5198846703024974 
0.1902621625813909 
0.1304553938958317 
0.09557108418532612 
0.6414185428755693 
0.3584625203333229 
0.5046926203235257 
0.1422305273760119 
-0.01295533634826078 
0.1725559343974088 
0.3795071655050704 
0.08881389165802522 
0.1910096385044591 
0.2578802036403174 
0.1437679348453812 
0.2009904447540527 
0.1149123584086741 
0.2704255924877814 
0.6234407396470791 
0.5323081811500041 
0.8796389672167494 
0.154041615223084 
0.6476381939749275 
-0.05913795040555618 
0.668657505710364 
0.9097775873016665 
0.4695441138309253 
0.3848143842781669 
0.5809128477300732 
0.122483439141993 
0.1402966666776571 
0.0509514462215606 
0.1612590892718206 
0.1788134945271224 
0.1316416270492184 
0.004985881928162986 
0.05051725923717774 
0.1122503930543373 
-0.3590785689811433 
0.1285596480760769 
-0.02345795916204034 
0.8475925186500244 
0.5879834476371938 
0.1048581289516288 
0.3911413873970347 
0.06607109393596616 
0.3191423911155682 
0.338383456428932 
0.6068688604713931 
0.1677699577249646 
0.6818450714104687 
0.3221914925186982 
0.8538373570786582 
0.820801079971801 
0.5989118493468318 
0.7540119101026306 
0.1536107486353413 
0.730184785930158 
0.7195053190213979 
0.3356633131613652 
0.9794016014063124 
0.1609501814236958 
0.664136446753315 
-0.0242612193087544 
0.6043435418333103 
0.09327796625572833 
0.3860066218579842 
1.03854076731643 
0.9236919242482137 
0.6257449467872629 
0.3653221088857231 
