solver_type L2R_L2LOSS_SVR
nr_class 2
nr_feature 1984
bias -1
w
4.214331072840201e-08 
0.0001995897274305628 
0.0002290187207022755 
0.0002288443652169471 
0.0002288661962113314 
0.0002288151507443681 
0.0002294923647959973 
0.0002288454668927118 
0.0002284961369331848 
0.0002291182323651359 
0.0002280864900326975 
0.0002287191585153696 
0.0002289344949074345 
0.0002290485932473562 
0.0002292117043071132 
0.0002296249877706113 
0.0002289585839753127 
0.000229568438263316 
0.0002288891488143848 
0.000228547251372204 
0.0002282491521064368 
0.0002292360300931077 
0.0002283924858917326 
0.0002287722681426182 
0.0002287568653791895 
0.000229007158413735 
0.0002276787874213144 
0.0002285330468507941 
0.0002281515929527874 
0.0002295091301682198 
0.0002290298989667519 
0.000230333205026763 
0.0002288795353088073 
0.0002297915218421642 
0.0002294060721909384 
0.0002297430866442854 
0.0002293288135343703 
0.0002296645343073992 
0.0002289759379021164 
0.0002299032247398984 
0.0002289551182163771 
0.0002305287544957919 
0.000229592959971729 
0.0002301565976047898 
0.0002289999643630828 
0.0002297718344514319 
0.0002285386730926118 
0.0002303029521009504 
0.0002288753337717797 
0.0002294975374934981 
0.0002289077998404371 
0.0002286130069213897 
0.0002291128119620015 
0.0002291923213189042 
0.000229126569117002 
0.0002289458801123444 
0.0002289703806079904 
0.0002293016834402609 
0.0002291195249116796 
0.0002290339880954239 
0.0002291274812578284 
0.0002289807904023491 
0.0002295431748094224 
0.0002293019258625061 
0.0002295712506433099 
0.000228574305509549 
0.0002291747025661735 
0.0002289547400774476 
0.0002295171047482136 
0.0002301360268464155 
0.0002293713975498171 
0.0002301780889687716 
0.0002287629853064562 
0.0002300265322517138 
0.0002286560839554689 
0.0002306359095201336 
0.0002292760848624145 
0.0002295445285137414 
0.0002296955866184667 
0.0002303643875731646 
0.0002295487606792556 
0.0002296336711142489 
0.000228706080621808 
0.0002297521866479452 
0.0002285965067116069 
0.0002297533471989567 
0.0002290087708349775 
0.0002294918398476374 
0.0002288501690944745 
0.0002293204350086458 
0.0002284414435413119 
0.000229654222546155 
0.0002289918638929693 
0.0002290167539684781 
0.0002280305947831751 
0.0002299913478142425 
0.0002281398323532132 
0.0002300313237846907 
0.000227892032618999 
0.0002298048068847253 
0.0002287172599028882 
0.0002303602949581401 
0.0002286199051685276 
0.0002298101008550917 
0.0002284256921299806 
0.0002293901952808331 
0.0002283887093434807 
0.0002300172715759882 
0.0002289619609394474 
0.0002303738769893228 
0.0002285105491144837 
0.0002303657809051876 
0.0002288778718642846 
0.0002295459318516699 
0.0002285594209789656 
0.0002303114521969035 
0.0002290527272502511 
0.000229770434447104 
0.000229088449653624 
0.0002294874960321764 
0.0002290108312982247 
0.0002296209522745028 
0.0002283606186514771 
0.0002292376141571628 
0.0002284075713373456 
0.0002294604637767514 
0.000228532143904041 
0.0002294259792152693 
0.0002286884515486832 
0.0002292377493544093 
0.0002285997627637526 
0.0002293006986563022 
0.0002280680009040554 
0.0002288526223670998 
0.0002274767266236576 
0.0002289249208833336 
0.0002271944505324237 
0.0002293895574834147 
0.0002276743843658657 
0.0002297201037322092 
0.0002283423408666359 
0.00022978330905505 
0.0002285302486901849 
0.000229860669210115 
0.0002292373275431629 
0.0002297180324256057 
0.0002292029494517868 
0.0002304108007203599 
0.0002294182077580148 
0.0002307329894624416 
0.0002295268381408044 
0.000230964835361022 
0.0002299588645512818 
0.0002309581745052908 
0.0002297816292776367 
0.0002310237526202659 
0.0002291539224581776 
0.0002304319643549967 
0.0002288746556595874 
0.0002300819000641125 
0.0002294125918823905 
0.0002303800405425709 
0.0002287322237757328 
0.0002298584950654307 
0.0002288155703496305 
0.0002299611981129633 
0.0002292350155042834 
0.0002282969801888038 
0.0002295510833943978 
0.0002294227808065745 
0.000228482397294743 
0.0002294961367569089 
0.0002292885472309844 
0.0002297744397183619 
0.0002286969615697215 
0.0002305641704500798 
0.0002284545604163585 
0.0002299867626794959 
0.0002279113665825186 
0.0002298654922822026 
0.0002281539621003762 
0.0002302775677649046 
0.0002280057330428394 
0.0002295485275230048 
0.0002282555815103678 
0.0002296651954297333 
0.0002276968897186633 
0.0002296161372995379 
0.0002288886828286151 
0.0002298014510365623 
0.0002286064607184978 
0.0002294888310894336 
0.000228534648438435 
0.0002299103962542373 
0.0002292819969270406 
0.0002296776882710223 
0.0002298906214901426 
0.00022931057603835 
0.0002295821768434931 
0.0002291117395326805 
0.0002292970702679281 
0.0002291093155857728 
0.0002299141100178205 
0.0002298329879819027 
0.0002289297003322504 
0.0002291566475278318 
0.0002289424309012151 
0.0002285416394669855 
0.0002293852937420471 
0.0002283204299420463 
0.0002295379037626652 
0.0002280132286167103 
0.0002299835717044881 
0.0002281633207539381 
0.0002290215509440562 
0.0002293809235458226 
0.000229791705161726 
0.0002286803336461748 
0.0002295065769666848 
0.000229286773473024 
0.0002296137644894215 
0.0002287854330968209 
0.0002297194415343634 
0.0002289542252305007 
0.0002290887471696716 
0.0002291106730209011 
0.0002291031048292422 
0.0002283223673610491 
0.0002291254526242111 
0.0002289462439705412 
0.0002295214063103714 
0.0002282207866766344 
0.0002290973161003113 
0.0002290611225570715 
0.0002292845062836848 
0.0002295093473323148 
0.0002293488077590696 
0.000229818307227303 
0.0002290620245112285 
0.0002297559250098292 
0.0002287182112488295 
0.0002299647711397303 
0.0002295833207603684 
0.0002294109365539077 
0.0002296188341043125 
0.0002294701199114031 
0.0002291650641222148 
0.0002294329020970925 
0.0002297228064998442 
0.0002293553044638914 
0.0002287188376643681 
0.0002295833481144744 
0.0002302973910114875 
0.0002294082338364816 
0.0002306982310272705 
0.0002297639182615144 
0.0002307892563709962 
0.0002296755402619718 
0.0002304852026784054 
0.000229193913975472 
0.0002298217368633717 
0.0002303515992075053 
0.0002306568166155482 
0.000229472732406568 
0.0002298708696824709 
0.0002294440438759264 
0.0002298053580301582 
0.0002293261895673321 
0.0002295915473785643 
0.0002297689838061805 
0.0002294739206694113 
0.0002293495281560818 
0.0002296220913391814 
0.000228927946070474 
0.0002299358953057386 
0.0002293928070108882 
0.0002300098214527835 
0.0002293033122442438 
0.0002300780534797921 
0.0002292823043093008 
0.0002290419940798034 
0.0002288475715850165 
0.000230092200096278 
0.0002287164933335962 
0.0002295165183846983 
0.0002296155282416988 
0.0002295842837195664 
0.000229237702404022 
0.0002293153642968806 
0.000229045925545087 
0.0002291730861961536 
0.0002292414494845613 
0.0002294768690869318 
0.0002290433167925373 
0.0002305186258975022 
0.0002285696356881326 
0.0002301783804156082 
0.0002286459104855997 
0.0002297656164874748 
0.0002281715774769797 
0.0002300280414260354 
0.0002282233612183145 
0.0002302858578415515 
0.0002276488122879223 
0.0002296654577368802 
0.0002283602144628984 
0.0002286467361939366 
0.0002278180900401659 
0.0002288041387474074 
0.000228132378413574 
0.0002291223011554777 
0.0002278409410438986 
0.0002288486177488028 
0.0002281593029340982 
0.0002288609859583052 
0.0002280311113463442 
0.0002288378043938648 
0.0002287827982471205 
0.0002294749643193839 
0.0002284552867128879 
0.0002293326501206918 
0.0002286234879286002 
0.0002287951604916818 
0.0002288571295851023 
0.0002289776561528164 
0.0002285988894826814 
0.0002293258318467155 
0.0002278427648556895 
0.0002296369510093195 
0.0002282263197848743 
0.0002297085975149707 
0.000228221781961436 
0.0002293653455745949 
0.0002279610608928229 
0.000229225877616917 
0.0002286350576454482 
0.0002288091105029076 
0.0002288486804268115 
0.0002287529718464872 
0.0002290170617960494 
0.0002290006826256181 
0.0002282214441557388 
0.0002290407238965388 
0.0002280745407954666 
0.000228879751473549 
0.0002284408479921214 
0.0002287171363723496 
0.0002277205876566998 
0.0002285937182573559 
0.0002286613293305783 
0.0002282091574125437 
0.0002284680756507041 
0.0002284243847693212 
0.0002272350399767147 
0.0002281713885753777 
0.0002269575983173567 
0.0002281843178781498 
0.0002279636943526979 
0.0002280919428477141 
0.0002289940422701207 
0.0002281145236568976 
0.000228442566983307 
0.0002285132984607059 
0.0002287493069964832 
0.000228533463000515 
0.0002285364127160469 
0.0002288691694875891 
0.0002286910614458826 
0.0002290677558010767 
0.0002283328451929272 
0.0002293233501365273 
0.0002282050103275198 
0.0002292054474944179 
0.0002284176363180352 
0.0002294812586338031 
0.0002287858297871552 
0.0002281996042442968 
0.0002296438947869993 
0.0002289619163534071 
0.0002286371530540509 
0.0002278832377333218 
0.0002291735563995291 
0.000228675910270728 
0.000228882494965806 
0.0002292262629470893 
0.0002287209705561357 
0.0002295035463523988 
0.000227837404635127 
0.000229115808320345 
0.0002279354995468429 
0.0002290313860331922 
0.0002279512315159929 
0.0002291559640326514 
0.0002284013101084351 
0.0002288731022941574 
0.0002276125183578958 
0.0002286462705922195 
0.0002275083621129907 
0.0002289136807704881 
0.0002279553602541338 
0.0002286344527155596 
0.0002278105616799813 
0.0002290544917719175 
0.0002266085554127236 
0.00022938327653312 
0.0002276774458881274 
0.000229091723517926 
0.0002275540813746675 
0.0002290477238177878 
0.0002279572960476965 
0.0002288734176377547 
0.0002287084259978567 
0.0002286015725882193 
0.0002286668036067597 
0.000228581879917374 
0.0002289390846941508 
0.0002282975167085135 
0.0002297044956665393 
0.000227875300363923 
0.0002295272884694674 
0.0002283188392803397 
0.0002292183133622959 
0.0002282413223120275 
0.0002294994029389867 
0.0002291112595740627 
0.0002292422416584232 
0.0002292924201044586 
0.0002287033736251642 
0.000228669852172622 
0.0002283399148625092 
0.0002290185184656486 
0.0002281526015600916 
0.0002286384073598038 
0.0002290270711190991 
0.0002289142853665083 
0.0002290974639917796 
0.00022798621440519 
0.0002280804642206413 
0.0002294510463049984 
0.0002280907993702545 
0.0002283677111619957 
0.0002283905561685586 
0.0002288771106781792 
0.0002287458934122606 
0.0002294581346979185 
0.0002287229163420036 
0.0002295835471218405 
0.000228753169381462 
0.0002302039316826277 
0.0002282872126810488 
0.0002295195055837766 
0.0002282166002505258 
0.0002299815284355808 
0.0002284468269368027 
0.0002302500362173716 
0.0002286272422567058 
0.0002291730796541512 
0.0002294817010153824 
0.0002289664189609995 
0.0002286571607197836 
0.0002286436797818898 
0.0002292005065927122 
0.0002288399649881321 
0.0002295650179951758 
0.000228358873845779 
0.0002291235974934937 
0.0002289084689023457 
0.0002285170260024798 
0.0002285759422887762 
0.0002285534187972641 
0.0002282147273524856 
0.000228355570887618 
0.0002280088429420505 
0.0002283336964490829 
0.0002285365794320305 
0.0002294088855609815 
0.0002283982426674339 
0.0002300589972808476 
0.0002290321012391682 
0.0002291677054688054 
0.0002289561280266927 
0.0002289182977429736 
0.0002302608685418698 
0.0002293761726007668 
0.000229900158676052 
0.0002293412373073601 
0.000229657644505402 
0.0002296636700114872 
0.0002301024575653931 
0.0002298869296439876 
0.0002297174337020961 
0.0002296792810552744 
0.0002293399732446465 
0.0002292146417782203 
0.0002297947593190334 
0.000229264900167072 
0.0002292046070224351 
0.0002298924267787783 
0.0002287264818277378 
0.0002292949776767837 
0.0002284378649679619 
0.0002305139387217783 
0.0002285945768805461 
0.0002311778541539557 
0.0002287681748357604 
0.0002307726995512534 
0.000229524438227898 
0.0002303402784317002 
0.0002288977485619694 
0.0002297937623638315 
0.0002291798174195479 
0.0002297127602249224 
0.0002288450782124937 
0.000229928812642365 
0.0002289294583246588 
0.0002297093389338992 
0.0002280943181686995 
0.0002298066787339457 
0.0002289994455928778 
0.0002295982275153606 
0.000228587788508661 
0.0002289507380067073 
0.0002295866936174521 
0.0002290738580298797 
0.0002289286309354359 
0.0002299633147889497 
0.0002291565840977899 
0.0002296206096456821 
0.0002289990292714099 
0.0002298222769483284 
0.0002285836458516156 
0.0002300273520400635 
0.0002291482738421936 
0.0002289671676117506 
0.0002294203633219136 
0.0002282428126442592 
0.0002287858388929622 
0.0002282945798743664 
0.0002286291810835757 
0.0002290648579361747 
0.0002292576407079748 
0.0002283319859345461 
0.0002284501352107656 
0.0002293658432703378 
0.000228587978226204 
0.0002297468994629962 
0.000228783254983531 
0.0002293235702755426 
0.0002286544150950856 
0.0002293877979949684 
0.000227712161030024 
0.0002298624948082272 
0.0002283592063243476 
0.0002296886255253921 
0.0002285622645559484 
0.0002300183188910576 
0.0002286562556414414 
0.0002292396486954486 
0.0002284857338880536 
0.0002289228206023146 
0.0002279150037976425 
0.0002293572149283258 
0.0002278491365616402 
0.0002288890642967186 
0.0002282614709860233 
0.0002292403011436405 
0.0002277237148049477 
0.0002291859319927325 
0.0002278126338754161 
0.0002289269048365619 
0.0002280685855618707 
0.0002294190409284921 
0.0002282220274403248 
0.0002281957757537126 
0.0002281777480751587 
0.0002284312347931108 
0.0002287725098607193 
0.0002278527086998095 
0.0002286622250810065 
0.0002283099103762512 
0.0002287158397851676 
0.0002281235103812382 
0.0002279383322001725 
0.0002285457258177115 
0.0002289461579407722 
0.0002289211990042094 
0.0002277227027337455 
0.0002290677183661711 
0.0002276817990155276 
0.0002286257593773425 
0.0002279976438262232 
0.0002285325517371096 
0.0002287572910377818 
0.0002290295122785557 
0.0002286455469410007 
0.0002288869421342001 
0.000228484547778804 
0.0002298670384776706 
0.0002284369650045562 
0.0002290280235409901 
0.0002287353906001034 
0.0002283194279012918 
0.0002292542573097006 
0.0002280197589084658 
0.0002296873995786398 
0.0002280269782571857 
0.0002293669070676292 
0.0002277741636589791 
0.0002302017526317997 
0.0002273232075385272 
0.0002298348735466207 
0.0002284487324469933 
0.0002291406316472227 
0.0002282283657542988 
0.0002296952765378796 
0.0002277799132004603 
0.0002300492554767838 
0.0002279515110888407 
0.0002296833564161111 
0.0002277295630718902 
0.0002286088045865976 
0.0002273995734962205 
0.0002282563380020508 
0.0002291863557417876 
0.0002288939382073021 
0.0002294695231139495 
0.0002298682313905992 
0.0002293076950789381 
0.0002281144283659703 
0.0002300660982845068 
0.0002278588018582212 
0.0002294319044855419 
0.0002282227247251367 
0.0002291000514083686 
0.0002283700685949508 
0.0002294477037449195 
0.0002286926039031145 
0.0002290186396815715 
0.0002283612086875124 
0.0002285127582109014 
0.000228955621724365 
0.0002282907503845041 
0.0002286297558734213 
0.0002280460119989383 
0.0002299456278877608 
0.0002271385187387073 
0.0002299241203437013 
0.0002281736036605285 
0.000229696769628387 
0.0002280133825565959 
0.0002291668537849177 
0.0002279588139086601 
0.000230095979854067 
0.0002279577231834663 
0.0002302065425267054 
0.0002272910389384819 
0.0002297168759693803 
0.0002269606067315057 
0.0002304096884989083 
0.000227339966822621 
0.0002297803087450482 
0.0002267689292913769 
0.0002293575094327912 
0.0002271626914602163 
0.0002294743071741732 
0.000228231522335041 
0.0002296298198741936 
0.0002273172465000791 
0.000229998208422816 
0.0002280442198721029 
0.0002293545242699393 
0.0002281600454215503 
0.0002299756655808708 
0.0002286239533237095 
0.000230158565287677 
0.0002288982599106318 
0.0002296357639593159 
0.000229406024649389 
0.0002301503127275697 
0.0002286167712385864 
0.0002297607679887023 
0.0002282059074618052 
0.0002298131524736864 
0.0002279070970679127 
0.0002298378978149431 
0.0002281108954935774 
0.0002298377396102515 
0.000227527764347444 
0.0002300481879065459 
0.0002280388472863319 
0.0002287731939118744 
0.0002272401894998296 
0.0002291294328638552 
0.0002278649052121776 
0.0002290116952467712 
0.000227714565040271 
0.0002284468922555286 
0.0002279744123685364 
0.0002291343345696099 
0.0002276795856983987 
0.0002302700427799928 
0.0002268348417225106 
0.000229211044160068 
0.0002287490728583851 
0.000229478865017025 
0.000228777225630254 
0.0002299419847629702 
0.0002290254116529782 
0.0002299113430146976 
0.0002295407630683515 
0.0002298146736389316 
0.000229321444842257 
0.000229566614455202 
0.000229335150176181 
0.000230583800273093 
0.0002277637127100663 
0.0002306844314675314 
0.0002288816964760604 
0.0002296705426094014 
0.0002280483888132956 
0.0002307660896799197 
0.0002284755854794652 
0.0002302882374184404 
0.0002285148622515421 
0.000230225859954921 
0.0002287393698854543 
0.0002304048382264064 
0.0002287357728380589 
0.0002301800023336308 
0.0002285749021113952 
0.0002298487990773396 
0.0002283895311829091 
0.0002299046050030341 
0.0002280075968616312 
0.0002300416677304771 
0.0002279705848493644 
0.0002290777873415272 
0.0002271237621105085 
0.0002294198410126767 
0.0002269662990058373 
0.000229621040937196 
0.0002273263870759063 
0.0002295101365045359 
0.0002276823720883084 
0.0002295465396233558 
0.0002275033263061439 
0.0002288544663442542 
0.0002278382480763723 
0.0002297847276651139 
0.0002271827891587583 
0.0002293839600697829 
0.0002275425119091128 
0.0002287653262075861 
0.000227656133010268 
0.0002296945577038797 
0.0002267816023608181 
0.0002291999800632281 
0.0002270082289366572 
0.0002296729252883605 
0.0002277432092782315 
0.000228999992173753 
0.0002276672172609784 
0.0002286121962714835 
0.0002272245868593083 
0.0002285522265192922 
0.0002273379969210923 
0.0002287431757808573 
0.0002281247749430458 
0.0002279963232856588 
0.0002277441823265941 
0.0002285491722759401 
0.000227940507818897 
0.0002298303771168266 
0.0002282390315428811 
0.0002293818291264573 
0.0002276944199056215 
0.0002293889752732444 
0.0002278095120033695 
0.0002290258483755031 
0.0002275093820819683 
0.0002295181880529878 
0.0002272534402715538 
0.0002292799618667902 
0.000228142468444944 
0.0002286581884824561 
0.0002278054798401022 
0.0002278618914639179 
0.0002272037889820939 
0.0002286398863311752 
0.0002282098033011795 
0.0002291370315105375 
0.0002281551083222127 
0.0002293870531283296 
0.0002280510158044551 
0.0002291518456542719 
0.0002273353335729546 
0.0002297188372705485 
0.0002275799644309227 
0.0002294997571457083 
0.0002274184929351419 
0.0002292224165289205 
0.0002272291728672764 
0.0002284767986154187 
0.0002275384867136314 
0.0002282941087751415 
0.0002278471756829721 
0.0002284512363052916 
0.0002274884622379776 
0.0002285658539281039 
0.0002278411978714925 
0.0002277576808687287 
0.0002279117745807935 
0.0002286671921843148 
0.0002279885370539509 
0.0002284241606066093 
0.0002286229710049119 
0.0002284371488626517 
0.0002280781618752816 
0.0002282937254490156 
0.0002288643802959638 
0.0002287159947233718 
0.0002285398131016682 
0.0002291391212482759 
0.0002285884366261824 
0.0002287576058689411 
0.0002280839146528471 
0.0002282883557525313 
0.0002277858223148407 
0.0002282614448994738 
0.0002277925688933427 
0.000229267144692187 
0.0002283987345718053 
0.000228369488955598 
0.0002273220737498423 
0.0002272920751004375 
0.0002277088463567803 
0.0002269745208222047 
0.0002282148781513062 
0.0002284411009655212 
0.0002273254394160434 
0.0002278293353072073 
0.0002277350310770322 
0.0002272436780823871 
0.0002278983796900107 
0.0002277561235937656 
0.0002282834859604893 
0.0002281767834049292 
0.000228552762311064 
0.0002273558846258506 
0.0002275662683663176 
0.0002273388553749623 
0.0002277737658849885 
0.0002284689355547514 
0.0002278324571148511 
0.0002277743871971871 
0.0002278741378588965 
0.0002283354754157732 
0.0002285881004260575 
0.000227635292536872 
0.0002287906110830301 
0.0002274612242731864 
0.0002306305631218079 
0.0002279595542522713 
0.0002300139416882132 
0.0002279950936008502 
0.0002291974547591985 
0.0002284353012226584 
0.0002293818481544166 
0.0002281115360057547 
0.0002290976757799929 
0.0002291772819064384 
0.0002289931207975013 
0.00022895086958418 
0.0002288074699974034 
0.0002285162877855104 
0.0002291817250169738 
0.0002280401291573036 
0.0002288278923711923 
0.0002281606944510161 
0.000228163829931024 
0.0002276738487525019 
0.0002288111311036526 
0.000227232634678694 
0.0002289319139920402 
0.0002275016904259738 
0.0002287899254207747 
0.0002268177160385831 
0.0002289750057223227 
0.0002272901578925608 
0.0002292397996820898 
0.0002275584750008796 
0.0002288251810671326 
0.0002275515818456126 
0.0002286122006611506 
0.000227976950971359 
0.0002283855509227029 
0.0002284578487170212 
0.0002290535169786004 
0.0002287780056073834 
0.0002290668261901668 
0.0002288682445651021 
0.0002290731344227339 
0.0002284713105613484 
0.0002294886372609165 
0.000227990163757119 
0.0002299560664405443 
0.0002279097368935977 
0.0002287409249779178 
0.0002281598581298296 
0.0002294418239669967 
0.0002284113082247965 
0.0002290636056504155 
0.0002284220923166067 
0.0002288848595733934 
0.0002275081588514347 
0.0002281503888204978 
0.0002280341117000976 
0.0002283160595265758 
0.0002283216483967892 
0.0002284134809511793 
0.0002280865541532717 
0.0002287693003115904 
0.0002280064009422348 
0.0002290791094404131 
0.0002274251138844179 
0.0002285069944381538 
0.0002283724506396631 
0.0002290724640991042 
0.0002278453627436642 
0.0002286393331339987 
0.0002291604192868576 
0.0002293946675229663 
0.0002296842160056746 
0.0002281128449377647 
0.0002301272011281681 
0.0002293675317319814 
0.0002293725731493944 
0.0002293945404986937 
0.0002295218799672335 
0.0002300693131657345 
0.0002290090821984748 
0.0002306595023444759 
0.0002287874680673729 
0.0002302259218517354 
0.0002292525286897717 
0.0002301746104339513 
0.0002283736200352974 
0.0002302168525917834 
0.0002294557874420464 
0.0002307876668188211 
0.0002280477089405067 
0.0002300635987414309 
0.0002280074710908608 
0.0002289299023247689 
0.000229203751265982 
0.0002286064809487054 
0.0002282831231863505 
0.00022852584450317 
0.0002285426188082482 
0.0002282393867777753 
0.0002291067637935071 
0.0002290959001831723 
0.0002290271863174026 
0.0002291194947745127 
0.000228374981721102 
0.0002289973812917241 
0.0002278379726094585 
0.0002289800200127187 
0.0002282119592256921 
0.0002294754644092487 
0.0002278735996667157 
0.0002296969882396781 
0.0002279274963824893 
0.0002292820738047419 
0.0002285059838746937 
0.0002293040987524922 
0.0002278404809563506 
0.0002295428744608618 
0.0002284703062669184 
0.0002294100415930756 
0.0002279150404118935 
0.0002296747992033 
0.0002282210296681233 
0.0002297298527290786 
0.0002276112961471492 
0.0002287341541421241 
0.000227373475643676 
0.0002289682666565754 
0.0002279839626876712 
0.0002285515862431103 
0.0002275552984073151 
0.0002278813325201169 
0.0002280277160771982 
0.0002280169127823228 
0.0002282616503761689 
0.0002287511049210312 
0.0002283214642443275 
0.0002280517041766591 
0.0002282563215617638 
0.0002288000449566905 
0.0002277739824475001 
0.0002292182357122668 
0.0002282207070910663 
0.0002283631418659089 
0.0002282380494234014 
0.0002283040140331355 
0.0002284264475705613 
0.0002279050667370202 
0.0002284115560783259 
0.0002279117019264268 
0.0002288680618131307 
0.0002287647036487029 
0.0002284305704655489 
0.0002280170565099089 
0.0002287386256020072 
0.0002288194308896832 
0.0002281166647539219 
0.0002293597814045517 
0.0002285025232172963 
0.0002292808772527302 
0.0002286465927154918 
0.0002287053950050013 
0.0002287321927070469 
0.0002284800514161496 
0.0002276685987070106 
0.0002291734551135172 
0.0002277870770335859 
0.000228862580937641 
0.0002280837966562061 
0.0002291000058970876 
0.0002278435695966823 
0.0002282072584578592 
0.0002285418412312795 
0.0002279177881524014 
0.0002284243626020544 
0.0002284443581829715 
0.0002284568581407806 
0.0002282240191334518 
0.0002286710744450781 
0.0002283338088275339 
0.0002294714663127004 
0.0002284163029826323 
0.0002292453878114283 
0.000228754164576095 
0.0002294194520489582 
0.0002282569942406565 
0.0002289846272332037 
0.0002278907684376961 
0.0002295710910458318 
0.0002279838616449139 
0.0002302629489138028 
0.000227759988355478 
0.000229698901734586 
0.0002273071901715494 
0.0002291273962780254 
0.0002266896590370428 
0.0002285520132160721 
0.000227357356683142 
0.0002290574793316439 
0.0002282394335231817 
0.0002284382855168895 
0.0002277464510465599 
0.0002287210764511771 
0.0002272948392382593 
0.0002281479634876388 
0.0002278625787861414 
0.0002282196348042626 
0.0002277079802661785 
0.0002283427064851101 
0.0002277200893388625 
0.0002271549709082757 
0.0002281253675102425 
0.0002274281403068182 
0.0002276447790048703 
0.0002283884816807639 
0.0002278311818493625 
0.0002272981298523673 
0.0002284131809789773 
0.0002280546532673317 
0.0002272635486077793 
0.000227925020641364 
0.0002282619015343128 
0.0002284354876162912 
0.000227755322720305 
0.0002285859831714501 
0.0002279706283544189 
0.0002282649140768255 
0.0002275507190533362 
0.0002287282585391263 
0.0002275878652215223 
0.0002288247861339607 
0.0002269941798274921 
0.000228537407316423 
0.0002261372429347206 
0.0002289883219003553 
0.0002272344737185174 
0.000228099326467829 
0.0002266944939958202 
0.0002282442475245611 
0.0002268758345595184 
0.0002285048125353533 
0.0002268634837900887 
0.0002282171274274789 
0.0002270427549245957 
0.0002279985365817875 
0.0002271226326744948 
0.0002278461161836391 
0.000227445424057257 
0.0002292740988084249 
0.0002270935215529108 
0.0002287957842090016 
0.0002274532644043598 
0.0002288288393918587 
0.0002278548142006778 
0.0002288393979595322 
0.0002274738071922834 
0.0002291650445135789 
0.0002280333781877171 
0.0002293107614850735 
0.0002279785043810394 
0.0002296474959382576 
0.000228380677741 
0.0002296079024637747 
0.000228141087451437 
0.0002294830765598439 
0.000227646363644992 
0.0002293810005421681 
0.0002279295639906331 
0.0002297834865824415 
0.0002275481554614396 
0.0002285981817930754 
0.0002279437905292516 
0.0002284270335800879 
0.0002272768993758258 
0.0002284582776802655 
0.0002270783807977475 
0.0002276418113437115 
0.0002271811807441107 
0.0002281591589787032 
0.0002275650894896568 
0.0002284009452149746 
0.0002274184842958546 
0.0002278232086172139 
0.00022818051389193 
0.0002275970386213821 
0.0002278496204382733 
0.0002279844496923397 
0.0002277552300159383 
0.000229056697992582 
0.0002285231774449499 
0.0002281834816007653 
0.0002278030018750081 
0.00022837649524004 
0.0002274210545514616 
0.0002291577779192378 
0.0002275935163480681 
0.0002286805720343375 
0.0002281583551923055 
0.0002297187815867827 
0.0002281939714331571 
0.0002302207064172198 
0.0002284052630452919 
0.0002297029923171108 
0.0002286705589313614 
0.0002296572383521141 
0.0002280752513301468 
0.0002295627534290121 
0.0002290729303479819 
0.0002287693761980029 
0.0002291542552610093 
0.0002287914720978435 
0.0002292336475242658 
0.0002283827264696791 
0.0002284306303572055 
0.0002286245027773289 
0.0002294230044204122 
0.0002288710590791337 
0.0002295843278447452 
0.0002287792379370373 
0.0002298579089455766 
0.0002289682327083718 
0.0002302355280828253 
0.0002285630810089081 
0.0002295679555679869 
0.0002284623580006601 
0.0002297688804580319 
0.0002281951648995253 
0.0002288480331001159 
0.0002284609346988411 
0.0002288532742264704 
0.0002289449446304161 
0.000228290808424092 
0.0002291684340667091 
0.0002281631538056601 
0.0002288127644505767 
0.0002282993656327325 
0.0002287680166788538 
0.0002274439736618547 
0.0002278024608850184 
0.0002276475040136576 
0.0002284615011239787 
0.000228349707796031 
0.0002281394771346656 
0.0002277096511880852 
0.0002276025071320918 
0.0002269679933072342 
0.0002270562131463291 
0.0002276090576884643 
0.0002268540466572649 
0.0002271294554400403 
0.0002269404046680564 
0.000226901109856527 
0.0002264613738870208 
0.0002268792538156498 
0.0002270068797243235 
0.000227753827788928 
0.0002278562116275661 
0.0002274063714720319 
0.000228150613099363 
0.0002284228096179136 
0.0002273323931619675 
0.0002284737545415977 
0.0002289884936341645 
0.0002279739796339354 
0.0002290801413058893 
0.0002279025795386793 
0.0002296950778551358 
0.0002288146343454633 
0.000229623709839291 
0.0002284764149864731 
0.0002299328883498761 
0.0002282246408524417 
0.0002297561443941711 
0.0002275316905082756 
0.0002296362246056922 
0.0002280708599741489 
0.0002299066204886752 
0.0002279883479043421 
0.0002288933749522534 
0.0002279200003679972 
0.0002289267378416262 
0.000228254544645477 
0.0002291437844991326 
0.0002273477731762265 
0.0002285741181348598 
0.0002271488179021824 
0.0002285295287405858 
0.0002277676433334962 
0.0002277851114135616 
0.0002276046875465103 
0.0002281770083486445 
0.0002281609960121132 
0.0002274536759258971 
0.0002284409026239529 
0.0002284542427590837 
0.000228202783516812 
0.0002283147216257303 
0.0002281678252726863 
0.0002290978822588038 
0.0002289405572899852 
0.0002282107767815778 
0.0002291490179183983 
0.0002287139330445771 
0.0002291200670378304 
0.000228877120261767 
0.0002290564960087039 
0.0002287620147584869 
0.0002288233435490258 
0.0002296269278307243 
0.0002289697526797387 
0.0002290220335823655 
0.000229044428144243 
0.0002287109269966563 
0.0002279474664616349 
0.0002292424068816104 
0.0002283407766913717 
0.0002292665126569442 
0.0002286657644885485 
0.0002294945164625288 
0.0002274572765774665 
0.0002289785911736483 
0.0002280482729562565 
0.0002293553512027063 
0.0002285137466112682 
0.0002284551226354769 
0.0002282002954605992 
0.0002294075235669564 
0.0002283418380312679 
0.0002287980740274619 
0.0002281970243417595 
0.0002286368664414266 
0.0002284197041526749 
0.0002281144166567485 
0.0002289268887004028 
0.0002285443575342058 
0.0002286677167043694 
0.000228358741527439 
0.0002290139474670451 
0.0002282847629905026 
0.0002282599635296671 
0.0002274607475666882 
0.0002276385669939891 
0.0002282473154600366 
0.000228067129925285 
0.0002276149783805803 
0.0002281776528408503 
0.0002279603740222468 
0.0002278476405816143 
0.0002283384838809692 
0.0002284970772464167 
0.0002283618913178063 
0.0002280664383973658 
0.000228243925500186 
0.000227528412317304 
0.0002288831705820776 
0.0002275477129349682 
0.0002281150466588677 
0.0002279638700417295 
0.0002276987492414818 
0.0002273577515900702 
0.0002274734875802195 
0.000227461168243627 
0.0002278322903647832 
0.0002274239117755832 
0.0002268969552351375 
0.0002275037584366119 
0.0002263093113417142 
0.0002276944988615121 
0.0002267893268724895 
0.0002278886011118508 
0.0002265888723942652 
0.0002285455860629254 
0.000225520240484569 
0.0002281996346848395 
0.0002262561571497485 
0.0002273162563302016 
0.0002260501666137238 
0.0002278017959373191 
0.0002258867037400958 
0.000228441030423236 
0.000226169100989936 
0.0002283260447609988 
0.0002268162135807641 
0.0002289993040382322 
0.000226770259094202 
0.0002287279610517384 
0.0002271502522762856 
0.0002289594163326381 
0.0002270046058042227 
0.0002294500340817618 
0.0002270819504099879 
0.0002291347028665979 
0.0002270567143736776 
0.0002298356935001627 
0.000226962976080001 
0.0002298518059414539 
0.000226647714572222 
0.0002294264784956362 
0.0002269745365873676 
0.0002290785091359399 
0.0002273179746651352 
0.000228679871370772 
0.0002269701220041889 
0.0002285898524850409 
0.0002266317424178129 
0.0002293712631567681 
0.0002263732105612483 
0.0002286955107223122 
0.0002276623614261399 
0.0002290199032729146 
0.0002265359500595702 
0.0002284495134785316 
0.0002266932492038809 
0.0002287656245150217 
0.0002264272169116073 
0.0002287166977687545 
0.0002277748262227607 
0.0002288483621049166 
0.0002280577528574362 
0.0002286753452329181 
0.0002288958598531071 
0.0002284890760440451 
0.0002290398551363054 
0.0002283647276733966 
0.0002284399880955676 
0.0002281213589045953 
0.0002280512388618625 
0.0002286688744750098 
0.0002273768153238563 
0.0002286092338679316 
0.0002279102807264604 
0.000229199735042021 
0.0002270365328155488 
0.0002290397738924772 
0.0002277666554894407 
0.0002294416423343213 
0.0002277038519824041 
0.0002296157588200335 
0.000227955251842779 
0.0002293200247434071 
0.0002278481429473129 
0.0002291567979354012 
0.0002278529784945264 
0.0002290908213625658 
0.0002287548145016762 
0.0002287792293513722 
0.0002281446673147338 
0.0002282652940798928 
0.0002283461315357979 
0.0002285734304559268 
0.0002284601848994015 
0.0002286078360235762 
0.0002283281390356745 
0.000228966014823317 
0.0002276231386781101 
0.0002282683541531077 
0.0002280256074672884 
0.0002284311142775188 
0.0002279472767469204 
0.000228151018820422 
0.0002275520385304647 
0.0002284367368563411 
0.0002279089219184664 
0.0002276590320341587 
0.0002281787452547833 
0.0002282533162658213 
0.0002270927543230871 
0.0002285122763743691 
0.0002270324191857251 
0.00022847042013751 
0.0002273326923746767 
0.0002287277384722426 
0.0002262834148773402 
0.0002282081676195138 
0.0002273427806781022 
0.0002287217523919246 
0.0002263411310092039 
0.0002289667991147452 
0.0002265887691035452 
0.0002285463971884833 
0.000226867152700597 
0.0002285212987969355 
0.0002273970502878051 
0.0002288830196974504 
0.0002272687744665717 
0.0002290581711008913 
0.0002280351008604463 
0.0002291312800160647 
0.0002282352304362329 
0.0002282768245926573 
0.0002287156670327117 
0.0002285030478512424 
0.000228613058507625 
0.0002279105557008308 
0.0002283118169219646 
0.000228255350713176 
0.0002287908302927077 
0.0002279948792951326 
0.0002283458174699218 
0.0002279127923238764 
0.000227621767888297 
0.0002279466752661425 
0.0002285299245025923 
0.0002278321539905355 
0.0002286845174614142 
0.0002280345540671951 
0.0002282180456807526 
0.0002282030569098362 
0.0002284342731455511 
0.0002284427604327901 
0.0002290376400167289 
0.0002284072092061253 
0.0002289679755871634 
0.0002283441076173586 
0.0002285108613516512 
0.0002284330678220365 
0.0002279436872896651 
0.0002287564118438599 
0.0002287408102596452 
0.0002284709201566358 
0.0002286852982948634 
0.0002281355427030953 
0.0002299562254432423 
0.0002291634324124653 
0.0002287322239247396 
0.0002282742132381241 
0.0002290294255532464 
0.0002285912176047759 
0.0002284331519845331 
0.0002288679874011307 
0.0002282448829417747 
0.0002292864371908039 
0.0002282774937550706 
0.000228766329985202 
0.0002290406403642321 
0.0002277874978313325 
0.0002296120033844389 
0.0002280456780319312 
0.0002290083094571646 
0.0002286494559662191 
0.0002279818332259001 
0.0002284133163744272 
0.0002278440935367833 
0.0002284135575549247 
0.0002284109244063212 
0.0002281058225075837 
0.0002284701473824279 
0.0002283467400170865 
0.0002279215137941771 
0.0002286887796824955 
0.0002282806286324571 
0.0002288234946658075 
0.0002291386819771233 
0.0002285442514684104 
0.0002294229135915672 
0.0002278763529752321 
0.0002285020409201593 
0.0002290133108936205 
0.0002289325957961579 
0.0002276544141785972 
0.0002291984543903281 
0.0002285124078588518 
0.0002285819565709248 
0.000228384956658568 
0.0002286128228652899 
0.0002285913754318902 
0.0002286291621427776 
0.0002282698073172088 
0.0002287964807620316 
0.0002280840746955983 
0.0002285445035230892 
0.0002283337593003993 
0.0002282685854722085 
0.0002280601255609126 
0.0002282417881591912 
0.0002280994106172878 
0.0002285370516950574 
0.000228550581116691 
0.0002277870530493059 
0.0002291759779527644 
0.0002279039791387587 
0.000227878563284166 
0.0002280897736949452 
0.00022811389409128 
0.0002276331534996742 
0.0002271249688509757 
0.0002277923361261139 
0.0002278161239630057 
0.0002280209579580795 
0.0002276591949244624 
0.0002283036492306141 
0.0002269732185926464 
0.0002282500629348735 
0.0002270267353374514 
0.0002280850064196933 
0.0002270609455607209 
0.0002272584346380972 
0.0002278026309082995 
0.0002274876937583599 
0.0002273827286561204 
0.0002284217049049912 
0.0002265095032945758 
0.0002290252884213838 
0.0002276395259782595 
0.0002296465146287093 
0.0002277776435664865 
0.000229683809380907 
0.0002275072646793139 
0.0002288530927181326 
0.0002274872575613396 
0.0002289167570451101 
0.0002280519052705236 
0.0002287461754145313 
0.0002285628925519256 
0.0002276202951269824 
0.0002281581052248543 
0.0002284926945327071 
0.000228110504571661 
0.0002281734279755489 
0.0002283364134974592 
0.0002275812118632168 
0.0002287615086766901 
0.0002276586339739796 
0.0002286012656466831 
0.0002274990111444294 
0.0002282141130353954 
0.0002277944470635465 
0.0002279001581904721 
0.0002277454214027379 
0.0002273461658030111 
0.0002291524554044281 
0.0002276318842002801 
0.0002276434593059525 
0.0002270239928929894 
0.0002276086796780536 
0.0002272783022625687 
0.0002286108858243975 
0.0002273737051925698 
0.0002286545404622605 
0.0002274100360949595 
0.0002286629713353174 
0.0002274384774802337 
0.0002281719393495476 
0.0002283948216616988 
0.0002283594098107966 
0.0002285426535837662 
0.0002285541317323397 
0.000228944075217858 
0.0002281668946239603 
0.0002286728003266658 
0.0002280254292249941 
0.000228398991013493 
0.0002285322536848658 
0.0002290849707532015 
0.0002292857824375695 
0.0002288531557854937 
0.0002290753115954146 
0.0002284845490861663 
0.0002284735743786447 
0.0002285231033544452 
0.0002279649052066819 
0.0002283318564530725 
0.0002279752665872866 
0.0002289289509385536 
0.0002287024737723008 
0.0002284413421041675 
0.0002285297340421371 
0.0002280304399568878 
0.0002282224012953181 
0.0002287251315778839 
0.0002281266422416517 
0.0002288446506341786 
0.0002277180743346969 
0.0002285713202914222 
0.0002286620114394716 
0.000227602833668509 
0.0002285522614338598 
0.0002282219776246951 
0.0002291604730159244 
0.0002282282307138095 
0.0002283857581592182 
0.0002278028531411782 
0.0002287095398133014 
0.0002287947741249911 
0.0002284513736446144 
0.0002281070937031024 
0.0002290647653047739 
0.0002280129743043896 
0.0002292083286031764 
0.000228707445609689 
0.0002289910935591584 
0.0002280828548159662 
0.0002286822414260335 
0.0002283387414981426 
0.0002284265210158631 
0.0002279654413334512 
0.0002286418673652617 
0.0002280158349341828 
0.0002291928000115541 
0.0002281373862336263 
0.0002291566411697124 
0.0002284898411410007 
0.000228412065419264 
0.0002292694762947442 
0.0002292537755502608 
0.000229029825321661 
0.0002291993768611524 
0.0002291782754320215 
0.000228865942906776 
0.0002293147632505989 
0.0002289002407564467 
0.0002293309107863933 
0.0002296542657365936 
0.0002284548536600092 
0.000229461277903323 
0.0002286990649291 
0.000229211489435988 
0.0002288300855892058 
0.0002300875718804494 
0.0002284958033340351 
0.0002294643662088041 
0.0002280695645766961 
0.0002289553041301386 
0.0002280288521606869 
0.0002292756661146226 
0.0002277645015401717 
0.0002288843302375831 
0.0002277752590749652 
0.0002296467693178453 
0.0002285318871861049 
0.0002294907344211475 
0.0002282793528990508 
0.0002298424692092103 
0.0002286063658074794 
0.0002297259163237133 
0.0002281501030968891 
0.0002298650875727634 
0.0002282796900485901 
0.0002294850064883025 
0.0002287834651958651 
0.0002287379175142073 
0.0002281721601244281 
0.0002297261413841591 
0.000228362464937918 
0.0002296332490015689 
0.0002295525743360265 
0.000229415299988817 
0.0002291279528543569 
0.0002292332058219003 
0.0002290587540829439 
0.0002301392272854027 
0.0002284688868255357 
0.0002293362688770435 
0.0002285711773947133 
0.0002294828772198255 
0.0002279816801692706 
0.0002290109694055511 
0.0002283169779484867 
0.0002294454199496922 
0.0002285167545526805 
0.0002300248401711431 
0.0002286858564161079 
0.0002289802104853386 
0.0002290533053987001 
0.0002298275644583974 
0.0002290285937574182 
0.0002296662788766591 
0.0002293532299896713 
0.0002293078873774251 
0.0002295023624664319 
0.0002293142036923845 
0.0002287291972167992 
0.0002297270966668525 
0.0002284721781953896 
0.0002288250268539375 
0.0002290681293016602 
0.0002292699801181123 
0.0002284946935152606 
0.0002283891906615818 
0.0002287220149660129 
0.0002285157358523655 
0.0002287766104304841 
0.0002283756007182473 
0.0002290105769706005 
0.0002285542437825121 
0.0002292106267437633 
0.000228462895762759 
0.0002296405992279907 
0.0002281743266739831 
0.0002285841628613203 
0.0002285034011222244 
0.0002289185028981229 
0.0002281645581497049 
0.0002293700856400676 
0.0002288569516975905 
0.0002294236059360284 
0.0002287480482277552 
0.0002291618941144439 
0.0002289244938412095 
0.0002286743469275595 
0.0002278048749883718 
0.0002282838665683058 
0.000228152905022991 
0.0002284709048647446 
0.0002284885043701213 
0.0002283723586831714 
0.0002287578170217601 
0.0002288047136203261 
0.0002294549695950388 
0.00022949283271849 
0.0002288477589158221 
0.0002289775290595632 
0.0002294143730960292 
0.0002279139373623902 
0.00022977359439714 
0.0002280714767492826 
0.0002287831078391624 
0.0002286027926324244 
0.0002278828618463092 
0.0002289869891864285 
0.0002276520911436519 
0.0002284040521169594 
0.0002279759712522345 
0.0002290053749833551 
0.0002294111464474757 
0.0002285472727460535 
0.0002286054526466604 
0.0002292003759781707 
0.0002287169660205411 
0.000229256426128469 
0.0002280254125862704 
0.0002287176288742238 
0.0002279658878012827 
0.0002295559636122578 
0.0002283340745844168 
0.0002291137838751664 
0.0002289087424543442 
0.0002293117184646801 
0.0002298842217411013 
0.0002295511353962457 
0.0002294737625370981 
0.000229558053888169 
0.0002286852374008343 
0.0002298953703893658 
0.0002286420078171274 
0.000229384017773166 
0.0002292719874854901 
0.0002285762042282096 
0.000228725726300217 
0.0002290383378496367 
0.0002290465279935371 
0.0002281542003739196 
0.0002295951931864319 
0.0002281700939000382 
0.0002295151702756082 
0.0002288989687791175 
0.0002297203183691001 
0.0002285571217024032 
0.0002292088572763752 
0.0002281419606421352 
0.0002281863586322791 
0.0002289451727545055 
0.000227846890814544 
0.0002288991330984801 
0.0002284937430341002 
0.0002289731990323719 
0.0002286511324433681 
0.0002290546627564205 
0.0002283540159103464 
0.0002294441508569741 
0.0002282340747110234 
0.0002283119653369385 
0.0002291232710121865 
0.0002291545899216166 
0.0002289976280667362 
0.000229341240170307 
0.0002287991491093012 
0.0002296744614672909 
0.0002287029784336236 
0.0002298656491832736 
0.0002283900933879662 
0.0002295306226127983 
0.0002278372674940801 
0.0002292683173905808 
0.00022831472953945 
0.0002296202045437252 
0.0002290089186343698 
0.0002294574187067065 
0.0002284871056603196 
0.0002289530371156124 
0.0002288687344592985 
0.0002290638946743063 
0.000228225468831076 
0.0002299608900842432 
0.0002288655534820062 
0.000229012438603919 
0.0002288348708510095 
0.000229151271113587 
0.0002286247003896981 
0.0002278200087042076 
0.0002291323247298656 
0.0002280809985716006 
0.0002289348382744949 
0.0002289410465261912 
0.0002290198982093886 
0.0002290506322114778 
0.0002288677683203558 
0.0002298135652650514 
0.0002278241807901985 
0.0002290708005417842 
0.0002272820432704531 
0.0002289979604560967 
0.0002271506410825808 
0.0002298284359221328 
0.0002270264413905649 
0.0002299166090835721 
0.0002277183759415658 
0.0002298299378533012 
0.0002277589127407872 
0.0002298762122978447 
0.000227890512975117 
0.0002300842469671435 
0.0002278420811923261 
0.0002300715688129709 
0.000228572620342735 
0.0002292374239964691 
0.000229057964753713 
0.0002294288098515487 
0.0002287552176837816 
0.0002293198584329924 
0.0002285324745269499 
0.0002291970491019092 
0.0002290755891686255 
0.0002292496780548545 
0.0002293903290693364 
0.0002297430592041505 
0.0002287928333969159 
0.0002298845280884983 
0.0002288312029619497 
0.0002284541265233486 
0.0002288610167353734 
0.0002281827395501111 
0.0002290682305227032 
0.0002291432195707375 
0.000228810992079315 
0.0002287584076710452 
0.0002292727706667977 
0.0002281561506002624 
0.0002288683130496196 
0.0002295551130601324 
0.0002292075834660759 
0.0002294943035722388 
0.0002284278190130422 
0.0002292014059795202 
0.0002293599729791483 
0.0002292323821453394 
0.0002284656486926369 
0.0002306193328005016 
0.0002284865315907069 
0.0002309942715847081 
0.0002289029354644189 
0.0002303016023957486 
0.0002284613203215588 
0.0002301419127117752 
0.0002282364133569918 
0.0002301135071261024 
0.0002289803691081554 
0.0002293686730792216 
0.0002284109175869528 
0.0002293330877925902 
0.0002285599897455455 
0.00022984601068283 
0.0002284047558321381 
0.0002306912073083032 
0.000228060409990005 
0.0002299103453852568 
0.0002281079075261173 
0.0002304422240646453 
0.0002286393533911835 
0.0002294803632303513 
0.0002286581948813452 
0.0002296501575068507 
0.0002281188266314207 
0.0002294033763468482 
0.0002285803924416747 
0.0002293061482652463 
0.0002287350403222726 
0.0002292669959683403 
0.0002287700492939123 
0.0002289955538859224 
0.0002288087911997206 
0.0002286471639056611 
0.0002289302021559919 
0.000228704937258628 
0.0002302988588307265 
0.0002295084307645195 
0.0002296454836906621 
0.0002298941850243695 
0.0002294008068691214 
0.0002303624125916922 
0.0002294130237993072 
0.0002310392454946524 
0.0002288688892958841 
0.0002309548908943694 
0.0002288179857619814 
0.0002301670178961296 
0.0002294280358558213 
0.0002303396205994662 
0.0002299057883088512 
0.0002289860289756991 
0.0002299976859896788 
0.0002296171445783465 
0.0002288292422853943 
0.0002307209400433067 
0.0002292280684942473 
0.000229874129649842 
0.0002290715029453761 
0.0002299893203216783 
0.0002286697065343215 
0.0002294123671608144 
0.0002297348868484889 
0.0002305725051224877 
0.00022897983724241 
0.0002297249053976302 
