solver_type L2R_L2LOSS_SVR
nr_class 2
nr_feature 1984
bias -1
w
9.216577217145097e-09 
5.18445327984792e-05 
5.563376931323706e-05 
5.66826309811266e-05 
5.56953472066402e-05 
5.635177061322344e-05 
5.559030721645878e-05 
5.638905009436078e-05 
5.557186293989956e-05 
5.559527896696373e-05 
5.474875970518868e-05 
5.619307829412006e-05 
5.442673945345953e-05 
5.553650552158617e-05 
5.433841247554923e-05 
5.534554262203761e-05 
5.462185570756259e-05 
5.603558628680819e-05 
5.447105923575082e-05 
5.553963921406555e-05 
5.482059490899273e-05 
5.547125920513407e-05 
5.372959899113873e-05 
5.496909340107948e-05 
5.488638180627907e-05 
5.498461317066539e-05 
5.496401307980736e-05 
5.53094845215768e-05 
5.427042394975543e-05 
5.549725203393047e-05 
5.432814281069901e-05 
5.647795404269914e-05 
5.459126953657905e-05 
5.647965345985202e-05 
5.527502519133264e-05 
5.659822966877605e-05 
5.479946452803092e-05 
5.629625190995539e-05 
5.484000656506063e-05 
5.686725807734121e-05 
5.386302082693386e-05 
5.617044424402682e-05 
5.407053867905066e-05 
5.607000131936057e-05 
5.399111895948983e-05 
5.542871501199189e-05 
5.43488083296503e-05 
5.551322807463415e-05 
5.522298877022411e-05 
5.556326390969534e-05 
5.502533989210422e-05 
5.502143865590776e-05 
5.60078146302834e-05 
5.44085810835512e-05 
5.59690453148233e-05 
5.482245121050494e-05 
5.561393188272028e-05 
5.486545449255828e-05 
5.505160142632915e-05 
5.552288767086212e-05 
5.518802060862957e-05 
5.60237733646586e-05 
5.565120325811874e-05 
5.586986853412914e-05 
5.63003956476404e-05 
5.679110677645651e-05 
5.551215338891336e-05 
5.68376522859819e-05 
5.525082043380106e-05 
5.72633841248979e-05 
5.607892696825154e-05 
5.689474086202497e-05 
5.601660692533355e-05 
5.600103701295637e-05 
5.690639102729953e-05 
5.650931210823555e-05 
5.701944527946073e-05 
5.690707594662394e-05 
5.625385787546274e-05 
5.757966540303271e-05 
5.591527084057833e-05 
5.782491473192955e-05 
5.509078655419163e-05 
5.723491487789482e-05 
5.579211489545465e-05 
5.692605748046083e-05 
5.536058875694895e-05 
5.765486795268263e-05 
5.608110785456801e-05 
5.624083525490839e-05 
5.620946266640835e-05 
5.625177787772304e-05 
5.594590319307336e-05 
5.587021196578845e-05 
5.497407707485256e-05 
5.689318236861007e-05 
5.543564997775949e-05 
5.752792392784032e-05 
5.623764561768823e-05 
5.743169404100221e-05 
5.538568459241519e-05 
5.776065932827113e-05 
5.486719433347676e-05 
5.693571737053838e-05 
5.539974039006719e-05 
5.628667922230874e-05 
5.551518464266342e-05 
5.557606933432159e-05 
5.48485988308882e-05 
5.673964714829193e-05 
5.465335227043165e-05 
5.6702637518194e-05 
5.500408482492437e-05 
5.635682110693371e-05 
5.489462401825233e-05 
5.687118642742272e-05 
5.507649683964838e-05 
5.627074800455879e-05 
5.466197625098969e-05 
5.623273176860804e-05 
5.391394471652653e-05 
5.640139504367495e-05 
5.419495336967061e-05 
5.662495469467246e-05 
5.405134864885763e-05 
5.688107822279443e-05 
5.466543079118917e-05 
5.596542940426942e-05 
5.554344173316665e-05 
5.5108159906282e-05 
5.537133284616123e-05 
5.52062372784605e-05 
5.51832649779379e-05 
5.559647565014129e-05 
5.468592529749156e-05 
5.549038565543412e-05 
5.410976506524027e-05 
5.558952299801116e-05 
5.444121870047071e-05 
5.579842013143504e-05 
5.482931788905056e-05 
5.575759279827565e-05 
5.438229725632008e-05 
5.578411634878152e-05 
5.538931268910834e-05 
5.557441464256996e-05 
5.515293805958806e-05 
5.683079626181231e-05 
5.481952423774573e-05 
5.613773210230559e-05 
5.584829396422452e-05 
5.615025591279533e-05 
5.580255525523361e-05 
5.548855657112989e-05 
5.612646068227345e-05 
5.624149879313155e-05 
5.5937234999125e-05 
5.573071767496103e-05 
5.592528206139537e-05 
5.523053864851569e-05 
5.508396924045474e-05 
5.471381164912313e-05 
5.498792454880619e-05 
5.479502365888586e-05 
5.571569872679921e-05 
5.502868268688145e-05 
5.546103289591214e-05 
5.43333053829359e-05 
5.570117271886258e-05 
5.516201420696456e-05 
5.605301633554202e-05 
5.422542665040517e-05 
5.684878927383631e-05 
5.467952893173338e-05 
5.647400961554962e-05 
5.482659995346742e-05 
5.574644696977032e-05 
5.421513310231977e-05 
5.660853429060085e-05 
5.485907288942147e-05 
5.694407142686947e-05 
5.480960959509591e-05 
5.694187297881214e-05 
5.523129929078524e-05 
5.586592683191146e-05 
5.547939340842716e-05 
5.509652383668683e-05 
5.534293750653407e-05 
5.533386985572304e-05 
5.54610012426134e-05 
5.626620733669768e-05 
5.487811679638787e-05 
5.621523603255842e-05 
5.586092212620187e-05 
5.604291609483741e-05 
5.566637973562368e-05 
5.594696297083195e-05 
5.588474984920872e-05 
5.611021103668894e-05 
5.44042143692519e-05 
5.589056765277217e-05 
5.46846474960876e-05 
5.661694716650383e-05 
5.45496011071386e-05 
5.552336491768173e-05 
5.419803146019765e-05 
5.583005681097308e-05 
5.362546163793276e-05 
5.488546473816785e-05 
5.453168446214951e-05 
5.538826781159486e-05 
5.433854803972877e-05 
5.454605005388889e-05 
5.469395366308418e-05 
5.514615642419582e-05 
5.407070473344929e-05 
5.5951467667054e-05 
5.402309057076821e-05 
5.545049532785077e-05 
5.334382697219764e-05 
5.503307861877384e-05 
5.375790739096282e-05 
5.480906039139341e-05 
5.417558555392155e-05 
5.612486464667199e-05 
5.436710104100907e-05 
5.590529975547314e-05 
5.33663687911555e-05 
5.524618406665925e-05 
5.459497111820523e-05 
5.50888396810735e-05 
5.360881251886583e-05 
5.413598190479463e-05 
5.427394679111671e-05 
5.424824160051853e-05 
5.403531180966432e-05 
5.427810501202524e-05 
5.417344187661397e-05 
5.470030472528041e-05 
5.417788144045236e-05 
5.43575663490955e-05 
5.395679435942855e-05 
5.505435169034135e-05 
5.398844029230705e-05 
5.531086674546241e-05 
5.421636815352971e-05 
5.451469825037121e-05 
5.457749485772385e-05 
5.522286183818778e-05 
5.438327160876518e-05 
5.549379633450198e-05 
5.493245454918523e-05 
5.585454840372206e-05 
5.429626335327651e-05 
5.620126717287517e-05 
5.396335739885617e-05 
5.628054989992218e-05 
5.363698294997481e-05 
5.680103943758236e-05 
5.308992610284791e-05 
5.645857663508061e-05 
5.345960821364884e-05 
5.659642417908807e-05 
5.33336020381606e-05 
5.65058058646439e-05 
5.33213803221024e-05 
5.666309542924098e-05 
5.322688874892244e-05 
5.635394264565304e-05 
5.352795163871087e-05 
5.566510696274993e-05 
5.3699827332847e-05 
5.576089510214809e-05 
5.372723964456628e-05 
5.596162744845137e-05 
5.347565901243106e-05 
5.511117294066219e-05 
5.423268100155345e-05 
5.528390081175054e-05 
5.389840332664206e-05 
5.559699572481375e-05 
5.387321690572749e-05 
5.566688316993658e-05 
5.486175634603264e-05 
5.580487687812807e-05 
5.480213108379626e-05 
5.535097797682491e-05 
5.47061261441789e-05 
5.546794670298123e-05 
5.493215591402221e-05 
5.563844199167132e-05 
5.545105374988441e-05 
5.536893867105204e-05 
5.50496115942211e-05 
5.489266871198493e-05 
5.476737775374006e-05 
5.473789395291773e-05 
5.533406742480172e-05 
5.452081536985991e-05 
5.513761474132382e-05 
5.459580487840574e-05 
5.52241296842549e-05 
5.454398327319309e-05 
5.552992615601075e-05 
5.469552199747685e-05 
5.511233008813231e-05 
5.494162569314742e-05 
5.560362407844882e-05 
5.461767313110031e-05 
5.55566671038349e-05 
5.523601122494002e-05 
5.621940590097582e-05 
5.50809631498727e-05 
5.561334490537372e-05 
5.579194356759321e-05 
5.543200829548208e-05 
5.512534920739018e-05 
5.549615366144926e-05 
5.547567508866771e-05 
5.489161552491795e-05 
5.533064461912023e-05 
5.5547141044651e-05 
5.490188949409324e-05 
5.432883556325358e-05 
5.587685570059325e-05 
5.401074816310997e-05 
5.648043114827476e-05 
5.391093819716611e-05 
5.511101031376927e-05 
5.394487829341786e-05 
5.555750406927356e-05 
5.454126728498089e-05 
5.510878764904281e-05 
5.49139929456815e-05 
5.486589276159399e-05 
5.472651171791583e-05 
5.455566155557038e-05 
5.578832247485976e-05 
5.47132369385999e-05 
5.465499947144792e-05 
5.596207810356588e-05 
5.457362782134031e-05 
5.573796595432228e-05 
5.452024333196511e-05 
5.54581062873247e-05 
5.386831792238677e-05 
5.531200881635481e-05 
5.344427289606258e-05 
5.60242900883988e-05 
5.35038524224794e-05 
5.489934375443863e-05 
5.412180623030532e-05 
5.61515489953425e-05 
5.432228225909916e-05 
5.651131078596484e-05 
5.327310425795594e-05 
5.615097736484248e-05 
5.373475788180511e-05 
5.593280328377539e-05 
5.419301239237953e-05 
5.646987481957558e-05 
5.394257686630696e-05 
5.689085034433496e-05 
5.409173315340592e-05 
5.667765421191108e-05 
5.4463534930283e-05 
5.700175170873542e-05 
5.486490720452962e-05 
5.664920641519676e-05 
5.453267072829411e-05 
5.67959181790623e-05 
5.421887416566947e-05 
5.624042227711925e-05 
5.39854305775447e-05 
5.663429673710496e-05 
5.437809591504657e-05 
5.593235495150545e-05 
5.408281244134232e-05 
5.580327789036225e-05 
5.504372303625236e-05 
5.571726412229218e-05 
5.482045599602132e-05 
5.658066375928821e-05 
5.486195230903317e-05 
5.609824314501773e-05 
5.468433086716431e-05 
5.696643547992107e-05 
5.400820463962782e-05 
5.715595335721148e-05 
5.352643439833192e-05 
5.700305531811743e-05 
5.422614763150171e-05 
5.727231388872563e-05 
5.466144532036178e-05 
5.738442187755819e-05 
5.462225157464899e-05 
5.66380460562633e-05 
5.53364074354926e-05 
5.652333655604736e-05 
5.387047578569017e-05 
5.67955250888055e-05 
5.410688517401741e-05 
5.586785392852285e-05 
5.371063038804835e-05 
5.625880814622897e-05 
5.325919639060739e-05 
5.576272901185761e-05 
5.355732965988722e-05 
5.548549399261713e-05 
5.391742839666677e-05 
5.629195448060958e-05 
5.4662677738364e-05 
5.519010972805178e-05 
5.526291361199189e-05 
5.545902002503514e-05 
5.529289709304475e-05 
5.571022294678611e-05 
5.56828267279325e-05 
5.535380546035656e-05 
5.530208210614506e-05 
5.539874371817226e-05 
5.569051798311958e-05 
5.590405061162023e-05 
5.532156721494962e-05 
5.490998626456814e-05 
5.477161102614954e-05 
5.549080895832422e-05 
5.494537072972466e-05 
5.614152367327543e-05 
5.523436169764416e-05 
5.649593405415834e-05 
5.44575262341207e-05 
5.614874560477362e-05 
5.442968026609128e-05 
5.66143838620691e-05 
5.488595447259898e-05 
5.550565446199862e-05 
5.461775330283361e-05 
5.576561700445543e-05 
5.376071457564669e-05 
5.622408241848388e-05 
5.457183112174756e-05 
5.509468747988983e-05 
5.492565475210742e-05 
5.546105962514724e-05 
5.500788218729116e-05 
5.550582818113398e-05 
5.487273051577309e-05 
5.620534189108723e-05 
5.50259698734824e-05 
5.567549561675994e-05 
5.499226131114867e-05 
5.648220274155075e-05 
5.522288867841086e-05 
5.590049546558598e-05 
5.386050037800043e-05 
5.665345140720232e-05 
5.340252943944439e-05 
5.695826738130456e-05 
5.32441533616029e-05 
5.680647926788604e-05 
5.399643690090524e-05 
5.671654124552037e-05 
5.447568416966907e-05 
5.572715740444624e-05 
5.395793936056064e-05 
5.624116357985473e-05 
5.457487780613404e-05 
5.524152186635443e-05 
5.444979171284999e-05 
5.589259449976938e-05 
5.384557100255728e-05 
5.552059520694421e-05 
5.35228699825174e-05 
5.611368165533979e-05 
5.440515535664064e-05 
5.528030499990372e-05 
5.491671418179396e-05 
5.536166610363473e-05 
5.45688057346057e-05 
5.54154678512023e-05 
5.404967315088934e-05 
5.552914071630833e-05 
5.398411043702035e-05 
5.502429988455452e-05 
5.34872050292223e-05 
5.536992348129511e-05 
5.395939673903261e-05 
5.519426570128668e-05 
5.478278272248916e-05 
5.606427820917682e-05 
5.483597267214018e-05 
5.556682923281712e-05 
5.458532950260027e-05 
5.590469096458931e-05 
5.456528195195694e-05 
5.585904641216636e-05 
5.471632118253283e-05 
5.549835732313347e-05 
5.52011562891014e-05 
5.556493714197016e-05 
5.465126834089509e-05 
5.643614226070183e-05 
5.490247583215827e-05 
5.716784594143289e-05 
5.489978807781524e-05 
5.616289881621439e-05 
5.507684396936882e-05 
5.606756601282452e-05 
5.534681117136845e-05 
5.553314504442397e-05 
5.53005341807515e-05 
5.60391236539127e-05 
5.51297934196936e-05 
5.672775209167531e-05 
5.44911814243069e-05 
5.660123205549755e-05 
5.49845527769794e-05 
5.643628849571949e-05 
5.431179373883908e-05 
5.510114335814164e-05 
5.500002125679319e-05 
5.6020279895615e-05 
5.498061751515502e-05 
5.592589087635206e-05 
5.47842962650293e-05 
5.58587434967854e-05 
5.587713239064281e-05 
5.636302114721691e-05 
5.572714912212281e-05 
5.593731896304133e-05 
5.587654455073244e-05 
5.511018570468449e-05 
5.586456512380944e-05 
5.599397128035517e-05 
5.541829338716828e-05 
5.467272029757168e-05 
5.484952922551716e-05 
5.564512918972897e-05 
5.495585242639324e-05 
5.586870930359613e-05 
5.50801096313654e-05 
5.524753865818026e-05 
5.532952909966982e-05 
5.574959136437954e-05 
5.597231581059006e-05 
5.603156958135964e-05 
5.592750108959918e-05 
5.57097124323232e-05 
5.618956129792578e-05 
5.590061899829688e-05 
5.606891277847035e-05 
5.607498423506271e-05 
5.612561214816086e-05 
5.50907789691382e-05 
5.567037602730052e-05 
5.516380435573907e-05 
5.534246552983162e-05 
5.532620201939804e-05 
5.496312103601922e-05 
5.501696079190849e-05 
5.484756684611308e-05 
5.429449161933358e-05 
5.497592815642031e-05 
5.364667007303348e-05 
5.528109199044558e-05 
5.365483409646502e-05 
5.508952619997421e-05 
5.355679257331979e-05 
5.455255966933645e-05 
5.380826800123685e-05 
5.421745317425111e-05 
5.522554459270767e-05 
5.45534252992457e-05 
5.483210775635074e-05 
5.470762983814955e-05 
5.414826049147383e-05 
5.40835413736858e-05 
5.544541174260228e-05 
5.369484862301388e-05 
5.590323349777925e-05 
5.433100956397418e-05 
5.55507903322396e-05 
5.433970271999481e-05 
5.573690685989865e-05 
5.401199513760284e-05 
5.588317679213402e-05 
5.429016937359372e-05 
5.565387238872343e-05 
5.456435239812028e-05 
5.542938241782759e-05 
5.544326583309292e-05 
5.608148168706484e-05 
5.458837407797105e-05 
5.55481042902688e-05 
5.483354185909796e-05 
5.634754729513684e-05 
5.595024031908363e-05 
5.561907594291402e-05 
5.498385814916527e-05 
5.624481155705895e-05 
5.484521071438553e-05 
5.545656263573334e-05 
5.560585231314924e-05 
5.57614032967876e-05 
5.484778104645043e-05 
5.599946774415236e-05 
5.457138373009099e-05 
5.586516821305852e-05 
5.438349108553392e-05 
5.692054183840504e-05 
5.509805566139909e-05 
5.659267362249022e-05 
5.530975174044307e-05 
5.737433122352084e-05 
5.521960561568827e-05 
5.762727134828103e-05 
5.543294559036191e-05 
5.703718997958138e-05 
5.425514828196874e-05 
5.646970393013877e-05 
5.518335841556219e-05 
5.64699348275104e-05 
5.494774380646309e-05 
5.634166076388258e-05 
5.549527896766627e-05 
5.636278118777335e-05 
5.522370643822105e-05 
5.531050061538259e-05 
5.501911950663889e-05 
5.630121114629252e-05 
5.542035171207463e-05 
5.627045963339634e-05 
5.546885970349021e-05 
5.663983602287141e-05 
5.491357017840371e-05 
5.631704440757928e-05 
5.491799073928894e-05 
5.637358098049241e-05 
5.526754224481477e-05 
5.726872139989489e-05 
5.555349576526916e-05 
5.686894065637343e-05 
5.519702759581647e-05 
5.748682063429038e-05 
5.503577640985658e-05 
5.77813680466467e-05 
5.52997601569646e-05 
5.733031768100617e-05 
5.500440002912305e-05 
5.778208575632465e-05 
5.520096181707524e-05 
5.71775688904628e-05 
5.506807422818796e-05 
5.700028227980348e-05 
5.455136821807792e-05 
5.714780183173077e-05 
5.401767494703689e-05 
5.683354160562569e-05 
5.30656546511216e-05 
5.737717656147545e-05 
5.390628837779516e-05 
5.714993634773825e-05 
5.31824562854185e-05 
5.685897135937818e-05 
5.40772313489321e-05 
5.693244819564147e-05 
5.439874046466001e-05 
5.63363571597348e-05 
5.518183625133777e-05 
5.620121518095049e-05 
5.428257498692096e-05 
5.545119083523213e-05 
5.515165700497478e-05 
5.548000521712328e-05 
5.510079822556966e-05 
5.554747931380673e-05 
5.533647357901265e-05 
5.549350078318631e-05 
5.447415803689912e-05 
5.63642945830258e-05 
5.515243743699029e-05 
5.659972658121889e-05 
5.584143386370937e-05 
5.591446924475519e-05 
5.460948013280938e-05 
5.663833259304307e-05 
5.437078513431638e-05 
5.659542771527232e-05 
5.440932333757845e-05 
5.618199194834439e-05 
5.378948341242876e-05 
5.727666680946582e-05 
5.320807525621103e-05 
5.619381654046115e-05 
5.412751029745203e-05 
5.628689733480972e-05 
5.395713651459016e-05 
5.694443393085502e-05 
5.361050590715454e-05 
5.713188738027717e-05 
5.361256548610248e-05 
5.781190077698836e-05 
5.438419695631593e-05 
5.726083130922184e-05 
5.431054082377553e-05 
5.716717195632824e-05 
5.443746856513077e-05 
5.747108992891769e-05 
5.410705968882517e-05 
5.753444422173714e-05 
5.422757631436574e-05 
5.703951124368415e-05 
5.363949537003573e-05 
5.666201266344345e-05 
5.356404094185055e-05 
5.644202026443448e-05 
5.438820410087936e-05 
5.640810773734093e-05 
5.459268153309054e-05 
5.650854252826437e-05 
5.420796186504607e-05 
5.617151959130688e-05 
5.397557328614679e-05 
5.70752905577549e-05 
5.368534505602225e-05 
5.621379931357948e-05 
5.418752610447636e-05 
5.588312260605521e-05 
5.435803248191019e-05 
5.575375932183795e-05 
5.428529318045561e-05 
5.635272783821927e-05 
5.358471100547694e-05 
5.684307924112881e-05 
5.445869513427348e-05 
5.672432455501105e-05 
5.431239490148727e-05 
5.686555888692202e-05 
5.373682952863236e-05 
5.58670168025516e-05 
5.43668067519218e-05 
5.633827379796819e-05 
5.489432210793012e-05 
5.604256376015079e-05 
5.412928243816489e-05 
5.637607877547353e-05 
5.417145015682604e-05 
5.674060378742915e-05 
5.453648472641876e-05 
5.675988670379634e-05 
5.52640941690504e-05 
5.720097773916426e-05 
5.470519610541954e-05 
5.652692213365202e-05 
5.400869130820351e-05 
5.592686784781108e-05 
5.448578961084842e-05 
5.538700766191555e-05 
5.473735255897179e-05 
5.606094568374746e-05 
5.41563565768783e-05 
5.5185131089732e-05 
5.489147218409311e-05 
5.556921131399036e-05 
5.47493116359501e-05 
5.570256925138388e-05 
5.44266362665055e-05 
5.556420449101574e-05 
5.419251217512484e-05 
5.577805481564862e-05 
5.446161590091304e-05 
5.648269767803754e-05 
5.452581430989521e-05 
5.672281610580647e-05 
5.38161862182513e-05 
5.648235867196369e-05 
5.455658135125661e-05 
5.662445145701838e-05 
5.388598976087665e-05 
5.702893946667082e-05 
5.423720608035947e-05 
5.6368361446148e-05 
5.428122014045664e-05 
5.548850053167578e-05 
5.458079995669039e-05 
5.5083275301078e-05 
5.462322389818364e-05 
5.589028310037217e-05 
5.45977168026771e-05 
5.698052080281952e-05 
5.42224298610128e-05 
5.548451075556083e-05 
5.370616604294823e-05 
5.54177790124698e-05 
5.362610773339406e-05 
5.529488173888094e-05 
5.329770210854179e-05 
5.559413660124337e-05 
5.3681846458654e-05 
5.51233644552981e-05 
5.38175758120651e-05 
5.514261314063012e-05 
5.388367775346641e-05 
5.497442365116473e-05 
5.417843519748428e-05 
5.611356652016267e-05 
5.386037021570221e-05 
5.594492483589976e-05 
5.422257073438798e-05 
5.648111944584026e-05 
5.366790845472011e-05 
5.567789345522041e-05 
5.38910024130583e-05 
5.55188918386385e-05 
5.333812689639769e-05 
5.592724341707994e-05 
5.428640057767439e-05 
5.598493644810588e-05 
5.437425682063352e-05 
5.62997960676136e-05 
5.425599360656064e-05 
5.627045669874044e-05 
5.47012992105333e-05 
5.618488059420039e-05 
5.533186565448216e-05 
5.568037378678974e-05 
5.503081855116094e-05 
5.55235992740268e-05 
5.415178141095274e-05 
5.610471383378381e-05 
5.465521090473638e-05 
5.534961107253854e-05 
5.476777565195743e-05 
5.521066587067587e-05 
5.53193993096963e-05 
5.560520362212043e-05 
5.486912445374011e-05 
5.551757566546844e-05 
5.473227464512663e-05 
5.541999928907041e-05 
5.592389247607002e-05 
5.537011148592966e-05 
5.55888129876608e-05 
5.533244379276904e-05 
5.547305703016299e-05 
5.558065744894774e-05 
5.566689584071537e-05 
5.465054678554619e-05 
5.52399798128201e-05 
5.516142166223629e-05 
5.613002029529093e-05 
5.577269296535537e-05 
5.540598903592253e-05 
5.58586076708597e-05 
5.537424305076112e-05 
5.610522103089425e-05 
5.525146828587133e-05 
5.588239892178947e-05 
5.53590762500549e-05 
5.581321759719466e-05 
5.670494865984745e-05 
5.577279516774903e-05 
5.650860051888331e-05 
5.565464150548925e-05 
5.615000103973282e-05 
5.613818365445043e-05 
5.601776324100518e-05 
5.636130912744455e-05 
5.657241845600771e-05 
5.598176173518417e-05 
5.536224973585067e-05 
5.65551742461276e-05 
5.535787214853937e-05 
5.64880434117256e-05 
5.470119919400071e-05 
5.739318532157955e-05 
5.492681096814168e-05 
5.666105955667055e-05 
5.570094671028732e-05 
5.652360053406678e-05 
5.561086742039827e-05 
5.531564590639661e-05 
5.60390505495715e-05 
5.585529826552818e-05 
5.518128535277724e-05 
5.643079457376865e-05 
5.536419325650361e-05 
5.536321895593746e-05 
5.581400009154146e-05 
5.59648868050073e-05 
5.630780141207108e-05 
5.523825965373156e-05 
5.588703932361762e-05 
5.554213460173299e-05 
5.561303378651963e-05 
5.527106621662419e-05 
5.605587501855341e-05 
5.490272015873442e-05 
5.606957815854515e-05 
5.510831714219112e-05 
5.610712190522062e-05 
5.541084228197191e-05 
5.510712164102272e-05 
5.593103810017416e-05 
5.477607617240045e-05 
5.606763502875426e-05 
5.436075629352642e-05 
5.604532195325032e-05 
5.480474539033734e-05 
5.566319162629977e-05 
5.478039260852688e-05 
5.567305368785064e-05 
5.426940215231248e-05 
5.442130964679047e-05 
5.530046100776337e-05 
5.501336092659913e-05 
5.455843813345653e-05 
5.499110286402858e-05 
5.402290854587896e-05 
5.526052296250493e-05 
5.464917127329752e-05 
5.507188194915459e-05 
5.426925077936254e-05 
5.533215281593834e-05 
5.408394164613751e-05 
5.609968571431613e-05 
5.504992686037944e-05 
5.572463977029978e-05 
5.418596855647332e-05 
5.563435674105198e-05 
5.505158050113749e-05 
5.506164345250576e-05 
5.472529134841753e-05 
5.515937164540281e-05 
5.505000092060772e-05 
5.514319701862967e-05 
5.444932522393121e-05 
5.614141332570142e-05 
5.454209033041914e-05 
5.554391079349001e-05 
5.416616351866829e-05 
5.557123372053597e-05 
5.445869316898949e-05 
5.52114440306805e-05 
5.514700810415107e-05 
5.514855237509446e-05 
5.494241366787864e-05 
5.584689575735327e-05 
5.471990490309982e-05 
5.550525606006581e-05 
5.488587171858862e-05 
5.523532930808322e-05 
5.358591884012743e-05 
5.666899214295885e-05 
5.436108057419535e-05 
5.642335503503341e-05 
5.508610000749956e-05 
5.574986246115211e-05 
5.523920219420165e-05 
5.653549350203247e-05 
5.581936970870818e-05 
5.531888554383163e-05 
5.611584027597975e-05 
5.554221875824176e-05 
5.567528973903127e-05 
5.491870804525887e-05 
5.604480443510781e-05 
5.519870749131457e-05 
5.596142420331229e-05 
5.552346844234801e-05 
5.584854152694412e-05 
5.529829843582207e-05 
5.493249634242674e-05 
5.649809511613026e-05 
5.482713518617915e-05 
5.562456256386785e-05 
5.44227574016515e-05 
5.601264964841413e-05 
5.534901820377378e-05 
5.61683049584189e-05 
5.458663340565897e-05 
5.651168000270524e-05 
5.526200203033268e-05 
5.603835812156706e-05 
5.587951913586972e-05 
5.675126555023097e-05 
5.663094421378549e-05 
5.605891601279646e-05 
5.545559784829704e-05 
5.55544013562557e-05 
5.563488661126085e-05 
5.705750307410592e-05 
5.530604952341219e-05 
5.628186281420185e-05 
5.64673179366072e-05 
5.61964639038463e-05 
5.666101181915357e-05 
5.705643559002364e-05 
5.699269241206066e-05 
5.618941774812455e-05 
5.63565475898284e-05 
5.690542054123997e-05 
5.636710771421357e-05 
5.638160182200157e-05 
5.665862566070818e-05 
5.614406586530611e-05 
5.584331468731627e-05 
5.698432758959892e-05 
5.536445634294665e-05 
5.711670689601395e-05 
5.578970723993805e-05 
5.66781717955335e-05 
5.514410786826434e-05 
5.676437142566711e-05 
5.524357224106488e-05 
5.617306499856533e-05 
5.547507971485419e-05 
5.682368323516432e-05 
5.425932597707832e-05 
5.674565394416762e-05 
5.446712673627524e-05 
5.572497247263139e-05 
5.509951228107242e-05 
5.674688383553367e-05 
5.542661056821196e-05 
5.622430406270681e-05 
5.548346867060365e-05 
5.675455206699286e-05 
5.501175775475829e-05 
5.640882650887978e-05 
5.469279714431989e-05 
5.592932094765128e-05 
5.421597328553634e-05 
5.660086316118072e-05 
5.440774593019684e-05 
5.617808296622788e-05 
5.462513010499049e-05 
5.529264182006426e-05 
5.465857687434094e-05 
5.541447463157212e-05 
5.509600199568822e-05 
5.443797032110001e-05 
5.499716194060254e-05 
5.600892734434449e-05 
5.524773774684598e-05 
5.631269593220391e-05 
5.493410409911168e-05 
5.62639792049066e-05 
5.496832805452123e-05 
5.579436439836227e-05 
5.58692753817632e-05 
5.618661797194207e-05 
5.571275948168969e-05 
5.570037525561316e-05 
5.611958277200282e-05 
5.57243530201634e-05 
5.597845045236865e-05 
5.60306213686797e-05 
5.612312984142359e-05 
5.550443981743595e-05 
5.572501882148864e-05 
5.64133717812703e-05 
5.582796986343433e-05 
5.537621360915452e-05 
5.635403708945588e-05 
5.546005648322211e-05 
5.612458403907787e-05 
5.545345145651503e-05 
5.636700348310075e-05 
5.513573859206484e-05 
5.538181717387131e-05 
5.573319915606861e-05 
5.498556956183599e-05 
5.528552998485674e-05 
5.471904218399554e-05 
5.533479368721595e-05 
5.566149310928404e-05 
5.518723674173054e-05 
5.506726233874209e-05 
5.542552183217021e-05 
5.597324455324914e-05 
5.568060577045961e-05 
5.557408095846016e-05 
5.529484078978063e-05 
5.625010610013828e-05 
5.539944735523401e-05 
5.643268981920723e-05 
5.523447368337918e-05 
5.581594403119642e-05 
5.549105314321496e-05 
5.628297929502774e-05 
5.524178964015937e-05 
5.553805793715699e-05 
5.564259238023062e-05 
5.560268765834918e-05 
5.513942025106644e-05 
5.622038982807882e-05 
5.552460366624061e-05 
5.595972874015504e-05 
5.574769599634841e-05 
5.601813656943188e-05 
5.525768149752437e-05 
5.642437651899642e-05 
5.46738750654798e-05 
5.680257640635792e-05 
5.538894859226712e-05 
5.682127234933521e-05 
5.6078238856423e-05 
5.676902567904062e-05 
5.518536806577504e-05 
5.610087350112553e-05 
5.497401275024131e-05 
5.643734833250797e-05 
5.502435413977425e-05 
5.627067061688548e-05 
5.584148835617192e-05 
5.61732924788834e-05 
5.581526639144418e-05 
5.574177450934999e-05 
5.582094602858544e-05 
5.576649526956694e-05 
5.648415881209247e-05 
5.567885907380045e-05 
5.676832031497381e-05 
5.519126356482298e-05 
5.678995866050465e-05 
5.50855099498676e-05 
5.672884043374579e-05 
5.54037760814883e-05 
5.622508839747716e-05 
5.516875988635954e-05 
5.609476324385985e-05 
5.542798342893215e-05 
5.547482791811585e-05 
5.618018973374929e-05 
5.535999158439747e-05 
5.586371385175543e-05 
5.424388022633433e-05 
5.574687195819945e-05 
5.434085417781718e-05 
5.524961269564053e-05 
5.440463454922478e-05 
5.539364228583712e-05 
5.455785080321625e-05 
5.547481534550824e-05 
5.533186454187584e-05 
5.508612868928585e-05 
5.522551571259917e-05 
5.490036388790365e-05 
5.473642729949533e-05 
5.509788913153405e-05 
5.538923118543693e-05 
5.557259230505862e-05 
5.465014946573723e-05 
5.595651543022695e-05 
5.574845195456111e-05 
5.516901002582805e-05 
5.572115956931543e-05 
5.524255073505073e-05 
5.488685863201468e-05 
5.638214449428852e-05 
5.530183225148362e-05 
5.579447382952148e-05 
5.563084476765314e-05 
5.534351359482895e-05 
5.517700758283285e-05 
5.646166952633247e-05 
5.559771184646128e-05 
5.552891590930744e-05 
5.508476656882268e-05 
5.59593286425998e-05 
5.579952733184158e-05 
5.58125647338274e-05 
5.644723710288179e-05 
5.585344793479035e-05 
5.670940778286154e-05 
5.643895859235635e-05 
5.637067021541114e-05 
5.770203980597605e-05 
5.488640148126955e-05 
5.635714696812271e-05 
5.580551967034398e-05 
5.64065230272155e-05 
5.531975051777726e-05 
5.546481450316528e-05 
5.540127223003327e-05 
5.544358585690817e-05 
5.507501297506681e-05 
5.546449369918167e-05 
5.523816576526387e-05 
5.517711218112113e-05 
5.487645032228882e-05 
5.564754609131446e-05 
5.548516925967107e-05 
5.519374834364093e-05 
5.62863030555933e-05 
5.488285092401274e-05 
5.479234218411895e-05 
5.508893745794608e-05 
5.556657099453458e-05 
5.429330077302789e-05 
5.523852379303475e-05 
5.440707370854722e-05 
5.452398300817762e-05 
5.398606719619308e-05 
5.529331313661682e-05 
5.387087630137789e-05 
5.48587882015865e-05 
5.41053183706742e-05 
5.487448324179173e-05 
5.386196421149065e-05 
5.511632956865879e-05 
5.41174602645038e-05 
5.567285391126063e-05 
5.472067227871785e-05 
5.605194960680254e-05 
5.516705050803015e-05 
5.584221135276106e-05 
5.41735074686092e-05 
5.611989621281527e-05 
5.544646878765066e-05 
5.594755250973909e-05 
5.493418416503203e-05 
5.525034078301539e-05 
5.509346618103356e-05 
5.606397702944777e-05 
5.505820329531757e-05 
5.624719456647285e-05 
5.515044279552544e-05 
5.499440145101495e-05 
5.518349261267136e-05 
5.556480676378816e-05 
5.600996731893006e-05 
5.522032932458261e-05 
5.469471126058814e-05 
5.636441536719958e-05 
5.428053220322991e-05 
5.550630762225413e-05 
5.440957764070275e-05 
5.577588558493251e-05 
5.423192195237867e-05 
5.560947855807188e-05 
5.47423225873106e-05 
5.546005256106719e-05 
5.498111664398698e-05 
5.611323143312552e-05 
5.536805142947346e-05 
5.530639882530569e-05 
5.521756468611685e-05 
5.595533253917801e-05 
5.468804502171046e-05 
5.537669715068474e-05 
5.514930230723556e-05 
5.563563645903338e-05 
5.44906292938995e-05 
5.475560377834297e-05 
5.463758016759489e-05 
5.555289772255113e-05 
5.369861891865112e-05 
5.472899866795624e-05 
5.393970660075898e-05 
5.522422095610074e-05 
5.367506251965412e-05 
5.520010021405262e-05 
5.442173213903372e-05 
5.573411727972593e-05 
5.464943515090992e-05 
5.528537141083009e-05 
5.468247991856253e-05 
5.485161459226318e-05 
5.460747061167013e-05 
5.532501595078317e-05 
5.479993839330307e-05 
5.458321541169806e-05 
5.533234885295965e-05 
5.416052015894247e-05 
5.51143050234857e-05 
5.430866666908865e-05 
5.484489969924874e-05 
5.488926615104134e-05 
5.523853008144992e-05 
5.496018694250704e-05 
5.52272233998238e-05 
5.452278445288564e-05 
5.524654242164689e-05 
5.513253553983022e-05 
5.442766559125948e-05 
5.474732420466676e-05 
5.432892357708869e-05 
5.476122567946952e-05 
5.353187082673744e-05 
5.395177791412513e-05 
5.400356979066705e-05 
5.45369388246372e-05 
5.391321066206189e-05 
5.46902161580909e-05 
5.413664890107335e-05 
5.391637061405283e-05 
5.456050859900047e-05 
5.46962640601254e-05 
5.379029081762149e-05 
5.517335173747327e-05 
5.398697449898527e-05 
5.449242461515705e-05 
5.507479302172353e-05 
5.380676740155919e-05 
5.430298727779919e-05 
5.413153117890181e-05 
5.434205958180208e-05 
5.460151055560361e-05 
5.440338393228669e-05 
5.506386101994176e-05 
5.444438544895658e-05 
5.466689507361196e-05 
5.456590647920329e-05 
5.449046479919161e-05 
5.536014858234665e-05 
5.485825226732373e-05 
5.535790978686918e-05 
5.590413913479892e-05 
5.447005114680856e-05 
5.533829669947875e-05 
5.531137049027987e-05 
5.542354747069429e-05 
5.455614973097479e-05 
5.501120683740349e-05 
5.50664292438072e-05 
5.558500540481847e-05 
5.409380627000101e-05 
5.566587861130897e-05 
5.416658428063701e-05 
5.498164142418016e-05 
5.504120019449063e-05 
5.506208210157964e-05 
5.473112153710761e-05 
5.523985579310777e-05 
5.52730746541528e-05 
5.444236923679399e-05 
5.55143040441031e-05 
5.506673209140165e-05 
5.676128862101078e-05 
5.559516925998275e-05 
5.668907829625543e-05 
5.505590653472424e-05 
5.611669807645285e-05 
5.522967376590622e-05 
5.639518986998286e-05 
5.517468957368147e-05 
5.599942353577723e-05 
5.423393531613347e-05 
5.588853096443183e-05 
5.425668623006523e-05 
5.619646198949035e-05 
5.413428736852184e-05 
5.562498655862117e-05 
5.394552453582585e-05 
5.556855037906409e-05 
5.565587403622578e-05 
5.518286662825088e-05 
5.565831781505648e-05 
5.59451167579823e-05 
5.585853577945537e-05 
5.636163260343647e-05 
5.607953509253632e-05 
5.600573850710119e-05 
5.66437606876585e-05 
5.592415086565959e-05 
5.594989071938445e-05 
5.568709190122645e-05 
5.574959851040076e-05 
5.551089537690384e-05 
5.492211669078471e-05 
5.479260568452271e-05 
5.597358110247185e-05 
5.55452040221702e-05 
5.575656840397649e-05 
5.549014271998682e-05 
5.51551064004439e-05 
5.483816155811627e-05 
5.576455165096792e-05 
5.517518965079647e-05 
5.605448095018964e-05 
5.452950023106268e-05 
5.652861980190815e-05 
5.486797867281328e-05 
5.542113720917854e-05 
5.490734090637361e-05 
5.535007069850835e-05 
5.565707373302499e-05 
5.475483778533148e-05 
5.614439337587631e-05 
5.4890281303889e-05 
5.518338877533295e-05 
5.419975590256808e-05 
5.546653668383284e-05 
5.431157662525568e-05 
5.556538656638789e-05 
5.429244740994889e-05 
5.493674025991619e-05 
5.393746893618983e-05 
5.530477293084855e-05 
5.442911795513038e-05 
5.52662767573639e-05 
5.422521262639374e-05 
5.502997567007725e-05 
5.484729840613115e-05 
5.497661881573665e-05 
5.507989359894857e-05 
5.420436781239581e-05 
5.556115651947782e-05 
5.444701094743197e-05 
5.60583985174884e-05 
5.426688148867207e-05 
5.557769886050591e-05 
5.450067269772018e-05 
5.487075381709281e-05 
5.577873265763678e-05 
5.510288788378138e-05 
5.552916301276854e-05 
5.489015964989899e-05 
5.525205856098565e-05 
5.427760783911965e-05 
5.52320802557769e-05 
5.41854950398862e-05 
5.589191034950405e-05 
5.379228691669669e-05 
5.475592583176482e-05 
5.421541532994438e-05 
5.375127456387964e-05 
5.484905818710706e-05 
5.472794346351961e-05 
5.516215834843899e-05 
5.481442658681609e-05 
5.614015893684945e-05 
5.506189465391425e-05 
5.613866545112865e-05 
5.486300993688677e-05 
5.586279362466773e-05 
5.584232771863212e-05 
5.569239862916133e-05 
5.592780190209369e-05 
5.621001328967172e-05 
5.558240857640911e-05 
5.563593555825113e-05 
5.563984607724079e-05 
5.508671511417783e-05 
5.587897237923184e-05 
5.521772068732318e-05 
5.574617262508933e-05 
5.59104438712254e-05 
5.651877538888753e-05 
5.593226329091753e-05 
5.534169674518844e-05 
5.510157179397658e-05 
5.594355586654036e-05 
5.532569308674242e-05 
5.54719204640408e-05 
5.537582158989233e-05 
5.540237790540792e-05 
5.484151156233012e-05 
5.586935771484428e-05 
5.449389279000845e-05 
5.52053412749904e-05 
5.460643223618142e-05 
5.592786110698564e-05 
5.399842611667926e-05 
5.624449668606997e-05 
5.432334304313081e-05 
5.639294381321196e-05 
5.45511665731527e-05 
5.660411864224675e-05 
5.493484363750687e-05 
5.557967935771338e-05 
5.43342592563006e-05 
5.548401971514457e-05 
5.518726224629021e-05 
5.585996888967567e-05 
5.53130151618966e-05 
5.546235849675298e-05 
5.539625367452424e-05 
5.557830444499682e-05 
5.545648811253239e-05 
5.561330424544128e-05 
5.560101047346619e-05 
5.575074690536568e-05 
5.555970011682445e-05 
5.609957539402695e-05 
5.453465258376443e-05 
5.590076216103897e-05 
5.407428773218888e-05 
5.646704806593292e-05 
5.40234353894267e-05 
5.643300388166415e-05 
5.46256593311724e-05 
5.632635567764828e-05 
5.419736890916339e-05 
5.607886886986294e-05 
5.403495551665268e-05 
5.602310346267385e-05 
5.428391833714775e-05 
5.448005152171025e-05 
5.419731360935903e-05 
5.573350273266233e-05 
5.473730301224336e-05 
5.596708567378543e-05 
5.416111817286785e-05 
5.574029403752604e-05 
5.396657832669113e-05 
5.623753661430035e-05 
5.45666460801547e-05 
5.595770235511283e-05 
5.490246079316668e-05 
5.56121761199198e-05 
5.441192363570011e-05 
5.55828384676973e-05 
5.407948421890153e-05 
5.56931943360731e-05 
5.39072181166789e-05 
5.487142134651657e-05 
5.338557860721674e-05 
5.489893429812541e-05 
5.39805400683323e-05 
5.495859295632105e-05 
5.488281986599211e-05 
5.529954038195282e-05 
5.513011999465391e-05 
5.534184369623395e-05 
5.410548538261776e-05 
5.488710681396655e-05 
5.50522110855222e-05 
5.56616187079985e-05 
5.579936981135023e-05 
5.498165442378758e-05 
5.538987317763594e-05 
5.524115889502139e-05 
5.561089774442148e-05 
5.463721718592305e-05 
5.489458397921258e-05 
5.492428254892561e-05 
5.595141555931916e-05 
5.520577171015563e-05 
5.472430854731941e-05 
5.496361395663042e-05 
5.594105006447339e-05 
5.422194494463112e-05 
5.643535000312392e-05 
5.449552765751538e-05 
5.505685136632177e-05 
5.482054606775573e-05 
5.5173690005162e-05 
5.434378368418209e-05 
5.491232240173738e-05 
5.475325273251933e-05 
5.453748955025879e-05 
5.51878412260077e-05 
5.515124460384377e-05 
5.514142374439642e-05 
5.524809579897208e-05 
5.522367688734341e-05 
5.479494512352063e-05 
5.515769410449067e-05 
5.459114342305824e-05 
5.580482754125674e-05 
5.495635658887312e-05 
5.5240328672975e-05 
5.511988846307499e-05 
5.484846018877765e-05 
5.484585685243767e-05 
5.529010879669935e-05 
5.507815948538741e-05 
5.51598573508644e-05 
5.537699957711351e-05 
5.462257260277236e-05 
5.469924257693259e-05 
5.490955762479541e-05 
5.509701183313508e-05 
5.459585648485717e-05 
5.570158992528083e-05 
5.470484899145755e-05 
5.593145372712923e-05 
5.471870195707777e-05 
5.568527048503656e-05 
5.527147324625178e-05 
5.549736040649371e-05 
5.415209496134609e-05 
5.546579390177096e-05 
5.400864827411638e-05 
5.548250208316204e-05 
5.487066354567637e-05 
5.538697703861632e-05 
5.459089443734192e-05 
5.431932488732597e-05 
5.400180904617543e-05 
5.415352328476865e-05 
5.457598345604175e-05 
5.491228143101896e-05 
5.411494863196509e-05 
5.506962636905781e-05 
5.346904360398514e-05 
5.494088456544785e-05 
5.396220000291577e-05 
5.514251539867635e-05 
5.474665509386606e-05 
5.578317797293601e-05 
5.503146232507188e-05 
5.518434990214847e-05 
5.454139866202295e-05 
5.572558238651066e-05 
5.467735886581592e-05 
5.559327958107464e-05 
5.454776021935399e-05 
5.592736534686209e-05 
5.435061015848884e-05 
5.570188358740789e-05 
5.445481699144165e-05 
5.598414563091932e-05 
5.537841965891628e-05 
5.602772162280247e-05 
5.460139910670756e-05 
5.664894485689527e-05 
5.47774509264626e-05 
5.676284986766789e-05 
5.489613936177542e-05 
5.662184824238039e-05 
5.387837218703886e-05 
5.657993986835751e-05 
5.324277541822796e-05 
5.613618351853359e-05 
5.395937987173649e-05 
5.518627523460337e-05 
5.414350343916544e-05 
5.585797262151498e-05 
5.477677497093216e-05 
5.629340241867574e-05 
5.47183130124586e-05 
5.611781627805548e-05 
5.500489056585207e-05 
5.588291253515298e-05 
5.514160158418614e-05 
5.527403423888588e-05 
5.535215300476822e-05 
5.562433988517831e-05 
5.532716402578898e-05 
5.535531305411637e-05 
5.547557556195917e-05 
5.563206367725264e-05 
5.536343209510245e-05 
5.586026460231167e-05 
5.531485022960838e-05 
5.559561436113655e-05 
5.576341138629338e-05 
5.624216544482388e-05 
5.545470942341364e-05 
5.605224207813616e-05 
5.64205620279016e-05 
5.572971210148149e-05 
5.532004279236758e-05 
5.698031014761905e-05 
5.618365256491705e-05 
5.638512373408012e-05 
5.560935720095974e-05 
5.652956891615144e-05 
5.550748613899816e-05 
5.661895037769414e-05 
5.606652376841813e-05 
5.63179737586337e-05 
5.621947541488704e-05 
5.573815634657958e-05 
5.592341552651457e-05 
5.58675595101114e-05 
5.617628747351939e-05 
5.619962624756324e-05 
5.583989890330804e-05 
5.620040923900127e-05 
5.602915180196155e-05 
5.538947074633554e-05 
5.40985418356819e-05 
5.649755839404151e-05 
5.419322307289861e-05 
5.543294075536494e-05 
5.552494890762368e-05 
5.466086722264733e-05 
5.475825836534443e-05 
5.537328377170606e-05 
5.475678694727934e-05 
5.56506113685993e-05 
5.410237525802503e-05 
5.560448367881352e-05 
5.517475390213829e-05 
5.51980482289833e-05 
5.588485135671186e-05 
5.482501624785087e-05 
5.532314981051819e-05 
5.525029316661179e-05 
5.59004761824244e-05 
5.464476819959569e-05 
5.56380662287471e-05 
5.551983796061362e-05 
5.641263230586897e-05 
5.54782795753844e-05 
5.57744348665035e-05 
5.614937407965399e-05 
5.457505654678543e-05 
5.63572123574631e-05 
5.499147557933617e-05 
5.620129484536949e-05 
5.590014992356554e-05 
5.601348590117884e-05 
5.591109477254184e-05 
5.57872750248504e-05 
5.632678663427549e-05 
5.52961127320651e-05 
5.582723800171661e-05 
5.662830334564635e-05 
5.573377160055208e-05 
5.648117347698648e-05 
5.566909063226042e-05 
5.565778158694678e-05 
5.571393166163278e-05 
5.718888527445012e-05 
5.625343089811605e-05 
5.681650984802396e-05 
5.529529585241266e-05 
5.739092755982653e-05 
5.519341192990683e-05 
5.765297796342191e-05 
5.661525610977154e-05 
5.689360936181668e-05 
5.725387075103963e-05 
5.714246542259889e-05 
5.634729793186156e-05 
5.696663560564443e-05 
5.661191028200952e-05 
5.721492361001244e-05 
5.681493927247311e-05 
5.670351793718553e-05 
5.647621041473767e-05 
5.623902111921321e-05 
5.666047916801786e-05 
5.633743983256508e-05 
5.599485004865116e-05 
5.635110927157425e-05 
5.645451854228246e-05 
5.601449269489704e-05 
5.560424305359245e-05 
5.602299800690765e-05 
5.539294964063966e-05 
5.638747153441279e-05 
5.546485685241562e-05 
5.594811956451324e-05 
5.510302662961729e-05 
5.546695331711173e-05 
5.508126721099255e-05 
5.565462989055879e-05 
5.475112161686721e-05 
5.564251108186728e-05 
5.364005585437403e-05 
5.542575853829197e-05 
5.436716502847775e-05 
5.431935810351318e-05 
5.454092845259074e-05 
5.451519182787106e-05 
5.524394815147546e-05 
5.502604342913943e-05 
5.53320491633541e-05 
5.570490762042763e-05 
5.555216711998962e-05 
5.60542694004057e-05 
5.616288281484332e-05 
5.572883042998392e-05 
5.563335717668854e-05 
5.550835397023986e-05 
5.596686201164607e-05 
5.518903163056122e-05 
5.571694994302376e-05 
5.569153226875361e-05 
5.503245361168423e-05 
5.506972171268873e-05 
5.486679459849695e-05 
5.499435281793641e-05 
5.462807761265275e-05 
5.482483501749427e-05 
5.576893922990771e-05 
5.518651614914914e-05 
5.524280171793227e-05 
5.447644636405077e-05 
5.54813305083441e-05 
5.492468957352396e-05 
5.525281626307408e-05 
5.463888897649563e-05 
5.566278781496665e-05 
5.487762483847366e-05 
5.632942606181247e-05 
5.59079595680232e-05 
5.533318054639795e-05 
5.537264624851741e-05 
5.547180133211617e-05 
5.497746570918479e-05 
5.645612543366942e-05 
5.603267427501815e-05 
5.64827300721907e-05 
5.591487208698551e-05 
5.597455395530727e-05 
5.555235414679648e-05 
5.611037645109507e-05 
5.577519722531051e-05 
5.61509639306633e-05 
5.558527505480128e-05 
5.639364452784271e-05 
5.582834101131883e-05 
5.614909537470367e-05 
5.548580854416568e-05 
5.567801177557396e-05 
5.523333713451068e-05 
5.609198545670334e-05 
5.566186349470118e-05 
5.661921901216707e-05 
5.504904463912659e-05 
5.647597834857016e-05 
5.469627809745534e-05 
5.629990087439525e-05 
5.390453564064478e-05 
5.60702419664675e-05 
5.41951353523115e-05 
5.586692336981137e-05 
5.466120670468123e-05 
5.598179903349909e-05 
5.519852240269492e-05 
5.646281039524412e-05 
5.51284420059366e-05 
5.636775978603762e-05 
5.533722800233196e-05 
5.591657490357758e-05 
5.541645124518441e-05 
5.630941744095283e-05 
5.45243808622918e-05 
5.651628750330023e-05 
5.569528299642429e-05 
5.577604825138006e-05 
5.503871571166824e-05 
5.577055563214139e-05 
5.520013956275168e-05 
5.616468696875823e-05 
5.537907329691623e-05 
5.578893419278452e-05 
5.552899449707351e-05 
5.61269862313945e-05 
5.472789699237093e-05 
5.532312413071216e-05 
5.552856681107034e-05 
5.553304975013133e-05 
5.558926857337709e-05 
5.614821359849527e-05 
5.603835488287108e-05 
5.604348866891477e-05 
5.589859781283844e-05 
5.594978325111313e-05 
5.580202315257426e-05 
5.566861579270997e-05 
5.55780440927657e-05 
5.603814238181476e-05 
5.651830836971624e-05 
5.69266875750201e-05 
5.515727803686055e-05 
5.687975893129327e-05 
5.521322261839579e-05 
5.652564922316198e-05 
5.477168138693491e-05 
5.655355537704176e-05 
5.553433456064317e-05 
5.593612137696957e-05 
5.566405346642539e-05 
5.604454265786325e-05 
5.585134224213958e-05 
5.567430972357027e-05 
5.595915009118853e-05 
5.621641728613601e-05 
5.540939568028273e-05 
5.663214774447112e-05 
5.510044429150554e-05 
5.688182063686141e-05 
5.547473474497496e-05 
5.608888543116208e-05 
5.497246619205558e-05 
5.696250605985758e-05 
5.42470318202403e-05 
5.641910358750588e-05 
5.483374481109186e-05 
5.644326905186278e-05 
5.500472989054168e-05 
5.631953385393598e-05 
5.480209757692337e-05 
5.546665242152434e-05 
5.513336366498422e-05 
5.56495517601039e-05 
5.497239737471246e-05 
5.573195032482192e-05 
5.542606011290696e-05 
5.516391276878125e-05 
5.518387023984162e-05 
5.517239208784263e-05 
5.497728376737211e-05 
5.568453513134359e-05 
5.433900041940798e-05 
5.559344774402035e-05 
5.409246933377875e-05 
5.486367183315326e-05 
5.439148137599704e-05 
5.502042203227024e-05 
5.429933273898466e-05 
5.542186364470701e-05 
5.402816468179245e-05 
5.496159530981991e-05 
5.441148399739967e-05 
5.538302412386438e-05 
5.445705053165485e-05 
5.570405117466641e-05 
5.46472722527006e-05 
5.671901035727141e-05 
5.518926739982554e-05 
5.67741793209412e-05 
5.487300460010013e-05 
5.610657109922487e-05 
5.479453280654016e-05 
5.548771645692794e-05 
5.474537278690475e-05 
5.535773117068888e-05 
5.453913877229357e-05 
5.527444618895925e-05 
5.435671752699731e-05 
5.555686643142166e-05 
5.487998540510125e-05 
5.543975135381918e-05 
5.531824067810212e-05 
5.423527375698815e-05 
5.576212578126409e-05 
5.443635382019242e-05 
5.566248197532508e-05 
5.449890464063477e-05 
5.540035067486346e-05 
5.503624754989018e-05 
5.543516409402926e-05 
5.509618142026247e-05 
5.630347095697758e-05 
5.440982229894755e-05 
5.664355420658646e-05 
5.443091868427106e-05 
5.6535689169105e-05 
5.402831720698765e-05 
5.660174254387878e-05 
5.423144761448439e-05 
5.572833520854807e-05 
5.529388679282276e-05 
5.623713718629193e-05 
5.540632536436074e-05 
5.590164281312221e-05 
5.446798851661726e-05 
5.625217662227156e-05 
5.454867140074959e-05 
5.6211412529597e-05 
5.499444714343515e-05 
5.641362784349918e-05 
5.474245751392289e-05 
5.608442690436283e-05 
5.533973169887198e-05 
5.637788437446052e-05 
5.538989429899177e-05 
5.603460331634847e-05 
5.537628574860922e-05 
5.581257927003406e-05 
5.582443942542904e-05 
5.563859260448208e-05 
5.592054864715042e-05 
5.529065848292062e-05 
5.583515455328422e-05 
5.531843926095928e-05 
5.615128443293445e-05 
5.498232852669816e-05 
5.583766466413615e-05 
5.570296053648306e-05 
5.636141607236919e-05 
5.571437830628649e-05 
5.602170238199158e-05 
